64
93
346
66
328
453
123
339
303
125
108
249
183
185
292
389
367
124
140
226
209
232
265
155
56
263
378
329
351
486
248
237
460
369
422
299
25
366
174
208
385
44
7
294
313
496
289
142
53
450
398
297
353
219
119
204
480
390
335
115
68
262
73
164
26
191
374
462
161
261
113
241
30
334
395
377
422
58
7
108
51
141
314
464
202
122
489
446
198
248
55
248
422
439
299
154
205
336
107
142
399
77
366
165
157
200
193
414
370
227
180
394
280
290
221
294
458
208
434
166
8
203
175
326
277
148
464
459
294
420
237
499
403
226
121
174
222
165
428
426
97
57
59
326
13
443
343
275
58
34
90
67
414
25
363
308
145
137
374
418
384
387
103
329
305
497
464
414
35
395
278
499
419
191
409
330
182
484
227
487
107
47
58
151
321
196
303
38
242
327
288
324
415
413
59
348
381
485
165
177
41
413
337
387
412
82
188
134
1
399
255
334
339
259
121
232
240
433
119
288
288
70
54
412
145
198
319
337
386
475
399
180
195
67
302
73
64
108
254
428
129
391
29
29
455
167
51
2
488
152
322
131
187
156
93
287
331
213
296
446
122
325
438
91
322
372
253
9
199
313
251
177
484
56
457
411
296
130
209
30
173
65
369
261
227
363
484
65
416
320
122
129
396
50
415
170
77
382
121
119
317
287
461
268
290
353
197
355
328
108
409
208
74
448
332
336
236
171
355
133
377
429
284
25
400
28
397
28
37
115
284
435
58
493
58
443
361
484
395
91
109
26
145
344
207
409
475
259
147
443
447
152
345
114
83
470
230
75
60
462
449
404
280
38
230
4
421
67
482
7
61
102
446
104
369
441
466
475
410
446
218
339
270
114
422
389
52
112
75
23
300
127
407
137
250
442
333
350
75
284
495
71
61
221
198
240
183
328
476
368
44
317
466
4
171
290
264
295
8
55
305
245
146
436
475
226
461
125
404
239
178
13
324
88
43
470
303
184
453
324
375
202
110
284
195
261
255
241
136
172
450
148
109
245
369
445
422
235
91
254
485
261
320
31
456
314
417
415
375
252
150
406
407
83
392
116
310
403
191
359
305
100
261
261
155
193
398
462
103
252
150
113
477
435
49
181
324
117
81
462