201
161
353
397
486
372
30
433
323
230
108
178
169
28
264
390
130
253
464
348
188
493
398
204
491
36
364
378
211
374
467
364
380
337
83
211
115
162
299
267
190
282
2
170
421
184
269
98
390
303
495
116
490
346
464
114
268
200
254
394
90
486
91
201
240
236
492
326
403
251
498
219
247
434
337
186
228
333
101
433
34
143
16
428
284
84
310
376
193
237
127
170
66
244
161
463
87
453
38
43
329
139
72
85
100
470
80
76
99
261
69
199
293
483
419
499
139
131
193
31
160
40
107
367
276
36
80
34
426
377
287
398
197
498
97
165
386
117
133
168
400
477
16
213
21
215
400
166
129
455
104
170
186
148
329
121
451
34
160
111
133
487
473
94
307
196
68
23
53
495
170
360
157
106
79
225
467
460
283
21
140
408
323
121
446
442
459
215
215
254
282
185
215
312
238
337
71
170
461
420
248
141
241
119
477
107
325
498
343
202
84
80
131
402
63
69
293
157
91
447
388
20
369
400
201
15
427
105
325
450
36
39
192
395
16
36
400
215
106
321
272
412
451
495
422
169
119
157
95
214
242
339
158
172
470
332
110
29
365
91
346
77
379
333
280
384
148
88
139
320
331
175
455
279
231
93
221
6
468
105
163
440
429
348
317
490
372
86
55
374
46
318
393
111
67
196
26
353
150
258
476
112
187
169
299
498
438
167
372
43
257
85
318
276
478
361
106
290
455
221
72
40
451
480
422
493
178
170
395
437
28
56
61
9
10
259
269
170
374
441
312
413
95
74
284
226
398
392
287
421
116
350
433
434
323
271
29
445
139
27
470
452
407
208
468
162
437
419
201
478
217
231
371
384
345
54
404
29
457
267
74
41
314
339
485
190
276
312
394
172
247
381
109
56
402
231
435
422
52
115
298
367
257
340
107
389
255
256
319
285
78
459
466
303
473
170
232
52
157
31
273
451
389
470
29
286
319
289
289
215
78
258
225
424
339
93
327
226
354
237
241
299
303
4
127
91
78
82
332
186
149
152
287
124
485
285
93
77
209
390
290
416
11
240
286
262
127
362
475
309
65
455
133
375
303
337
250
146
473
468
383
225
470
366
51
32
284
151
367
179
419
37
95
101
127
106
369
216
361
267