1000001000110
111011010010
101100000
11010100101
101111111100
101001000101
1011011
11011000111
11111001000
1001010001000
101011110111
110100110101
100111101011
11101110101
100001110101
100100101110
1000100011110
1111001000
10101010110
1001000011000
101011000010
111110011101
111001001101
111000100111
11110
10000000000
101111010
1110011001
110101010011
101110001
100101000010
110001001
10100010100
111111010
100110110100
110000011110
110101011001
100101110
1001100011111
1000001111111
100101010011
110011100111
101110101111
100011011101
110000000010
11101100100
111010100110
111011010101
100101111001
110011001110
110111111
111100000000
101111010011
100010001101
111000000101
1001011011001
1001101001111
100111001011
1110101010
11000011011
10011000111
111010101
1001011100101
11101111100
1100000111
101110100010
100100101010
101001000010
101101110000
11011001001
100001110101
101011111001
110010100100
1000110111011
10110001001
100000001110
111101010100
11010011010
1000110010011
110110110010
110110010101
101010100101
100110110100
11100101110
1010100001
101111010001
111011010011
11101011000
110100000001
11110110101
110010010000
1000001110000
101010001000
1010101010
1000101111101
100110010001
110110010011
101011100101
100011100000
1100100111
110111011101
1101011011
100011101011
10101100001
10100110111
1001000001000
1000110010100
101011001011
111100111100
110101001011
110011001111
101000101100
10000011011
1001000001
11000001010
110111111110
11100101110
1011011101
1001011110001
110111111111
1001101010111
100100100001
101010000
110111101011
11001001
1000110000100
111000010111
101010011100
11001100
10110001000
111011010111
111010001111
111010101011
101001110110
1001100010011
111010111100
110110011000
10111001
1101010
11011101010
11010010000
1111110011
10001000
10111101100
1001010111000
1000101011000
11101001100
101110100100
101001111110
111000110101
10000000101
10100100011
100111101
100010110100
111111101101
10010010010
101001000
100101110000
100010001111
11101000
101001001111
1111000111
110011010101
111000001000
11000010111
1000101101000
1100101010
11011110101
100111011100
10111101010
111101100111
1000101000101
110101000010
11111001111
100111101001
111010111000
11111111001
1010111100
111101000111
100100100100
11011111111
11101011110
10000010001
1001010101111
110001110111
101011010
1001010101100
10010010111
111110010111
11001000
110100100010
10011101001
101000100111
10010000101
110011111110
101110100100
11101001101
11011001100
11010000101
10100110001
111111111110
1001101011001
10011111000
10110111010
1111001111
1111110010
1001001000110
110110101100
100001001
111010001010
110110100110
111010000010
110011111011
110110010
111010100011
1000001010111
100101010010
11000001110
110111101000
1100111000
11111000011
1000100110010
1001010111010
11110111011
10000100000
1000011111111
100100110101
1001000001000
110111011001
110011001110
111101010110
10001100011
10010111010
100000101000
111101000
11001001011
1010001011
1001010110000
100011
1000100000010
110000011101
1100000101
111001010110
101111001001
110111100111
10101111111
1010110101
1000010011000
101101010000
111001010101
111001001110
110111
1111111
1000011101001
1111101101
1001011001011
100100101111
11010110001
1111110111
101111111000
110000011110
1001110000011
101111100011
101001000000
101011110101
110100101100
110110111100
1000000000101
1011001001
1001011101
111100010100
101001001001
1011000
111001010
1001001000011
11100111
100111010111
11100110000
1100101101
1001011100101
110000001000
10000001011
10010001001
110111000001
111010100001
110100100001
11101110101
10001101
101010101111
11111110
1001100101111
111011110000
110111000010
1110110101
1001001110111
10101011
11101101001
11001000
1000011001000
101100101100
111000100111
100011001101
10111011101
10101111010
1000011111101
101100001101
1000101100000
10110010110
1110100111
10010111001
100110100101
1000010001011
100001000011
111010011011
111110010110
10100011010
1000101011
1001000011110
1000100000
1000000101100
111000000100
10111111011
1110100010
10111110100
1101111
101110001010
111111001101
1001011111000
10100101101
101001111001
110101111
100101110100
1010111
100011111100
1101010010
11111000011
110011010011
1011000001
11010100001
10101010100
111001111010
11111111110
101001101011
1000100101101
111101001111
101001110010
1001100101000
110011010110
111010
111100100101
1001010010000
101000000100
110111100010
1000111100
11010100011
11101001000
101110001010
110111000101
110101100011
100110110100
10110001010
101100111011
110110001101
1100111001
10110110
10110
11000010111
101011010000
110101010011
10100101011
111000000011
110101000011
10011101110
1101101100
1100001010
11011000111
1110100111
1000101111011
1001101001100
11101111001
1000110111010
101111010000
101111011011
111010001010
11010100110
101101110100
111111
1000000101000
11100011110
100110111010
110110111100
1000101101010
1000011000110
1000000100001
1111100000
100001100111
1001001001111
111100111000
111011010000
10100010100
1000100011
101100010111
111011011010
1000111101000
10010011101
110110000101
1000000110101
100111111110
100110110111
1100000100
100011110101
110001111
10010100111
11101000101
1001010100011
101100011001
1011
101101110000
1000101010001
101101010111
100001011001
11110001101
10010000011
11100010110
110100000011
100001000000
110001001001
1000110101010
11000101000
1110101
101011110001
111010100011
100100110110
100111010000
111010101001
11001110111
110000111011
1000000110111
111111010010
1000101100101
1101001011
1001000010110
11010000
100110000011
1011010100
110110111
10001110
1000100011101
1010010101
110010100
100011001110
111011000011
110110111101
11000010010
10000010110
100010000101
111010010000
100110100
101100111110
1000001111110
101010011011
100000001001
1001100111110
10100000010
1011000001
101100101011
101101111101
101001001100
101010011110
1001101001101
1000011010100
111001100001
100011001000
1011000
1000101111000
1000001101011
101000111110
111111011010
100001001111
110011111011
11100001
111001011011
1000011111010
1000101001110
11000111
110101101101
100100111000
1100111010
10111000110
11010001000
10000000011
10001011110
101000110101
110111111000
1001011011011
1000001101100
110011000110
11101110100
100100011001
1001010111011
100011110000
101010000011
111
10100111101
10000001
11101000100
101001010
1001101001
1000001010001
11011111010
100011010001
110111111110
100100000010
1000010
10001110000
111010011110
101010000011
11011011
1100010101
111000010
110101101011
100110011001
1000010111011
111011111000
1010010
100010010110
1000000101101
101000101
11010111011
1000110110110
1000001010
11101101000
111010110110
11111010101
10000010110
111111100101
110101001011
100100001111
11010101010
10010001011
1010001001
11000100011
100000110010
101010001011
100010100100
1000110011101
1001000100100
1001001110101
1000000011100
11100110111
100100001000
10001110000
100111111010
100010010011
101101001011
111111001110
111001110110
100010100111
1000111111110
101110010010
100101101011
1000110
100001011011
1111011111
101111011100
100111111
100000111111
110001110
10110001001
100011111100
101001110011
101001101011
11111101001
11011000010
110110010101
111101011101
1101111011
1011011111
10110000011
1011001000
110101000
101001101
100111011111
1010101001
1010110111
101010110001
1100101110
1000110001101
100000101100
111100101000
1001010110011
100001000110
111110011011
10001100000
100000111001
1010111011
110010100110
1000001011110
101001000101
1000011111011
1101101110
1000001010001
110101011001
100110110
11010111111
11001000001
110000101
110111010000
101001100100
101010001101
10100011001
1000100000011
10001011001
111101001001
110000011101
100111001000
1000001011111
11011000
1011111001
10010111001
110101000001
11010101100
101000
101010001110
1001100101110
100011110111
1100001111
111111010
110110000
111000010100
10001100100
100101010001
11000111001
1101111
110101011010
110011010001
11101110101
111001111110
100100111000
1011001001
110011000010
100101001011
111111000001
1001100101010
111111100011
110100110111
1110111110
110101001001
110101110101
1001001100100
111010000111
111101010110
1110001001
11000100111
111001000010
10100111101
1000000011000
1001000010000
111001011010
10110000110
1101101101
10001110111
1001111000
110001010011
110100100011
101110101101
100101001111
1110111110
1101000111
101011101100
100010000001
1101100100
11111101001
1101111100
1001001111
1000001
110110011100
1011
1000011010110
1000011000001
1000100000101
101100000000
1000101000101
111110001000
1000101000000
110011001101
11011010011
1000011000000
101111101101
1001100001110
100100111101
111000101
110110111010
110100010010
11001010101
111111111110
1011111010
110110001101
1001010011110
111010100010
1100100011
10011000111
1001001000100
1000110010011
1100000101
1000000100101
11111011001
111101100100
10101100111
111100011010
101001010001
10110101011
10000011
11111100001
111110110111
111110001011
111101001001
1000010010
10100001000
100001110010
110100010
100110011111
1001000011101
1001010001
100001111011
111000001
1111001111
1001110000101
111111100001
11111100
110100011011
110000001000
10100100011
101100110011
1000100001101
1111111101
110010101011
101011101010
100000100000
101001111111
110011000111
110011101110
11011110011
1000001100
1001100101100
1011110011
111011000
110111101011
10100000010
110001111010
100000101110
1001011100111
100011010010
11001011100
110000101110
100010101111
100001011
101101101000
110000000010
111100101100
101111101101
10100111101
1000001001
10111010110
1010111101
110100101
11110001000
101011111011
1000100001110
111111001110
11111001010
101111001101
101011000001
100000100101
111100011000
10111101111
10110010011
100110100001
11001011100
1010000100
10011110101
1000100001010
110101011111
100010111100
101000100001
1000110001100
110110101011
1111010011
1000011010000
100100000100
101011000010
1001011010000
110100000000
1000101101101
11011110101
1000000110111
111001010011
111110100111
100011100001
10000111011
11101100011
1000100101110
11001110011
101010100100
100010001001
110000010010
11101001100
10100011000
1000001000100
111110100000
10000000
111110001
1101001111
10100010100
11101111001
1100000100
1001011100011
11110100001
10100011000
1100001001
1000101010100
1010000111
110001111011
110111010100
10110101000
111110101000
1001001101010
101010101110
11000010001
11101000111
10100110100
100011011000
110100000100
101110011101
1001000010110
1101110
100001100010
10001010001
100011001011
110010010100
110010111100
10011000100
111010000
1000101100000
111011001011
101010110110
100001101110
100110111011
1110111101
101100011000
110010010010
111110110101
100110110100
111010111111
100110010001
111110110100
101000001000
1001001111001
111100000101
110000100001
101111100101
10101101000
10110001101
10110100111
1100000111
11000
101010000000
1001110000
110101110010
1001100110111
111101011010
11011110
101010000110
101010000
11000101111
110010100011
110000010111
101010101011
1100
100001101110
110011111010
110010110101
101101011101
1001011101011
1000001100100
111000010111
1001100100001
11011101
1101
11001111101
10100001001
10001100010
1001001110001
100010111110
111100100000
1001010001011
1101101111
101111011011
11111011101
101101110111
11010011
10010110
110010001011
1000001111011
10100001110
100011000001
10010010001
110011000
11101100101
110110111111
111001000101
1010010001
11110110111
1011111011
101011001100
110001011111
11011101111
111101001011
100011101101
1000010010
110011101010
101000110000
11111011011
1101110110
110001001010
1100010101
11000101001
100111001001
11110000001
1101111010
1001101010111
10111001101
1101010010
100111111100
1000110011011
100011110
1110111000
111111100010
110111011
101010000001
1100110010
11101110110
111110100111
110111001110
110010100110
100010000111
101100001100
101111010100
101110010010
111011111
100101100010
10010000
1110111011
10100111101
111110111111
1001100111010
110111100100
11111001010
110101000100
101010111100
10000010000
100101011000
10010110101
1000001110111
100000001010
1000100011
100101110110
11010000011
110110100001
10110011000
100111100001
100001010011
10010001010
1101101101
111110100101
10100011
100101110101
110100011100
1010001000
111110000
111100111010
101110011111
111111111100
1000011101010
1001110100
1000101000001
101010010000
11001110000
111101011
110111011111
110110010101
101001101000
100011000
11111110010
100010010001
101110010001
101100110001
1001101011001
1000011110001
1101101111