747,19
50,271
506,396
157,292
210,109
495,350
185,234
956,484
636,429
875,358
921,421
159,411
416,69
365,208
226,485
487,461
803,250
127,55
37,216
319,247
489,78
229,241
282,444
509,113
197,40
446,215
648,128
302,113
268,433
185,3
61,358
901,307
646,159
601,307
57,83
516,264
692,117
897,309
624,500
336,137
578,347
336,18
564,273
857,27
806,420
414,33
838,325
375,438
719,296
556,86
925,55
686,491
726,6
8,69
620,153
506,460
400,261
222,379
664,388
419,485
417,24
191,309
536,368
618,122
857,24
101,377
923,150
457,385
947,194
301,98
244,2
487,142
329,439
875,497
913,129
289,347
409,333
585,32
583,45
465,471
770,416
687,484
431,265
387,321
871,268
940,144
260,48
554,467
858,475
211,121
26,363
207,89
625,58
350,285
88,478
866,450
677,382
47,482
910,421
830,199
670,208
833,482
207,176
529,264
207,480
275,250
464,304
409,92
519,311
156,425
87,445
711,101
46,378
511,476
412,148
695,251
811,375
273,321
18,260
734,432
572,47
997,98
806,302
474,98
630,472
966,224
335,451
197,490
528,367
893,466
36,87
362,433
948,241
758,465
145,357
806,19
982,23
952,123
561,99
424,433
522,67
297,354
692,352
256,156
769,365
453,55
435,370
75,225
356,41
255,101
838,15
613,245
679,309
693,473
357,289
733,312
943,377
984,182
532,188
756,43
468,245
665,88
148,340
317,220
103,23
165,238
424,54
966,94
509,3
762,465
397,133
949,79
161,72
415,409
440,99
364,423
669,494
783,272
395,287
13,264
585,135
446,356
905,138
670,390
786,244
553,355
469,436
102,298
44,251
738,402
654,277
829,109
600,476
306,65
54,306
895,191
142,234
437,282
957,258
433,238
987,389
553,207
866,468
722,342
724,431
70,134
434,261
147,215
201,92
134,265
566,64
455,100
819,288
886,61
977,456
635,112
629,233
451,256
391,114
535,409
725,135
86,429
871,421
626,139
220,162
224,408
322,255
9,79
186,472
582,44
161,450
608,2
258,317
261,351
802,410
815,433
604,312
910,234
882,367
430,12
741,428
739,75
739,205
160,93
88,74
583,497
568,418
899,51
640,244
554,463
812,303
190,209
643,341
386,466
743,373
242,406
0,13
707,494
288,215
857,80
153,422
64,106
179,30
330,455
641,414
990,166
651,107
930,173
951,30
759,489
48,405
595,165
985,370
412,5
451,109
256,338
985,417
98,211
917,175
271,66
779,216
678,121
939,169
373,201
132,428
160,258
924,128
21,337
548,441
291,431
680,159
881,425
308,363
11,237
258,498
198,397
409,353
469,155
183,88
92,201
950,214
82,194
709,206
220,199
317,290
323,405
300,77
183,223
959,127
318,44
639,25
805,310
222,21
143,74
476,265
195,82
754,296
839,273
839,387
995,358
288,243
817,246
394,83
160,35
716,397
279,244
264,413
454,451
392,109
416,183
397,473
414,11
114,415
133,106
95,483
559,301
626,46
799,351
295,485
606,46
336,62
810,212
768,165
550,283
722,469
949,177
823,54
984,403
171,375
543,74
913,426
716,342
29,363
99,284
999,279
838,6
72,185
428,141
172,287
825,14
40,488
473,9
941,485
310,92
26,394
10,353
8,332
246,245
606,125
920,24
53,372
643,241
446,346
72,414
632,114
499,208
413,402
160,263
116,226
420,241
113,91
473,254
8,380
225,44
369,308
275,68
390,182
106,177
224,6
611,284
702,445
287,354
439,351
335,499
959,45
798,183
406,463
328,498
694,204
952,52
699,181
502,444
613,387
608,140
464,360
463,483
477,342
691,82
409,416
849,72
715,486
824,240
299,236
451,297
598,294
56,166
206,35
647,172
710,116
399,21
884,165
74,410
751,367
793,142
607,121
266,70
387,309
829,290
86,185
982,130
787,476
613,449
920,355
514,83
519,198
355,268
710,424
576,371
712,218
861,21
781,341
710,355
420,221
410,399
57,467
86,334
618,228
331,465
443,244
801,401
185,79
898,310
676,378
579,291
789,429
685,83
335,440
410,289
106,28
59,113
194,249
118,65
246,391
565,442
916,255
290,424
755,316
198,421
968,21
993,29
58,357
667,132
865,71
129,21
672,88
108,147
427,436
603,334
108,73
640,444
840,30
976,402
918,193
852,439
264,500
669,359
122,34
68,212
951,441
367,194
930,471
824,250
658,195
304,238
343,270
0,207
625,184
312,343
945,37
432,491
367,105
779,110
369,148
988,484
237,134
969,265
645,471
988,360
122,319
417,328
708,302
313,188
197,6
412,257
901,134
262,181
984,444
616,425
460,159
103,462
991,31
90,454
533,197
916,435
622,258
378,142
910,17
519,441
615,450
354,106
577,183
721,17
761,197
879,77
615,278
609,208
433,147
222,244
389,389
204,89
228,179
439,73
306,198
69,84
914,388
85,470
287,299
422,255
93,321
924,390
709,327
677,25
191,243
281,76
554,267
736,220
959,331
805,152
204,151
760,420
748,271
146,363
675,212
209,447
495,115
316,435
59,381
120,293
693,498
456,177
335,375
947,75
755,208
943,213
471,431
164,369
464,383
284,99
162,404
86,186
221,500
633,81
660,423
398,36
575,344
414,441
401,137
58,98
972,18
994,325
679,253
541,28
817,309
879,474
384,196
673,51
314,155
121,460
173,291
538,455
322,386
455,50
203,317
265,2
269,176
928,59
273,310
222,435
125,252
631,498
760,385
477,290
210,313
760,435
9,83
978,488
680,308
8,280
834,134
548,93
732,474
823,161
385,354
253,48
271,52
97,333
630,409
103,407
241,81
416,251
757,460
736,13
550,128
491,129
801,102
438,313
508,285
811,172
434,486
204,50
227,370
968,483
55,321
275,390
627,139
775,420
524,498
457,217
465,96
175,387
349,143
349,172
201,252
86,111
856,468
120,53
780,65
144,357
183,412
92,143
668,192
400,345
155,245
64,236
19,224
973,158
49,343
323,312
487,355
726,428
433,137
60,285
0,226
310,255
393,456
808,3
424,439
464,483
477,373
763,490
657,163
315,323
474,440
533,108
554,147
246,484
334,152
182,74
738,60
356,349
434,32
185,456
59,341
721,237
959,290
188,335
464,429
412,90
900,139
606,101
342,303
338,218
477,231
176,264
462,344
552,234
669,152
268,116
449,13
690,5
453,347
296,340
546,59
892,199
386,312
756,361
959,220
407,219
186,17
79,280
296,9
150,159
983,471
845,22
622,211
588,173
754,194
715,395
429,260
487,101
944,479
273,294
969,497
208,139
680,249
254,121
36,307
256,103
723,375
671,50
110,208
964,13
194,94
537,102
795,108
898,257
379,424
586,318
489,431
841,413
948,109
43,7
502,447
388,312
542,254
928,229
725,475
551,490
290,278
853,488
482,332
488,54
455,235
682,191
281,5
887,126
962,115
528,158
850,120
878,379
459,385
546,469
711,301
96,424
238,359
692,185
468,288
213,381
607,443
39,356
774,223
429,30
924,93
322,462
348,206
480,351
103,260
418,228
801,341
964,387
761,54
626,370
639,135
902,138
168,126
915,322
372,238
111,60
753,97
877,391
352,294
320,222
301,347
476,248
757,491
285,26
696,129
723,285
261,185
894,401
429,250
971,495
335,189
713,194
51,168
701,490
82,100
441,45
962,102
539,491
584,328
417,494
742,333
355,88
108,210
385,209
442,449
323,376
308,172
720,77
910,266
157,333
671,91
399,383
490,281
556,480
350,291
892,190
896,102
925,125
999,91
595,175
325,481
495,394
765,328
278,76
319,367
579,42
601,123
407,297
360,40
555,428
492,49
432,463
697,376
286,38
353,292
825,398
279,363
698,432
111,205
618,348
762,315
497,60
701,372
868,195
768,370
172,165
676,253
763,385
102,326
130,498
504,343
446,223
663,4
953,482
231,185
517,456
818,1
835,63
63,463
818,233
735,13
59,21
444,364
128,316
42,62
13,454
199,159
431,282
303,94
0,376
319,11
221,274
83,395
447,468
404,80
53,82
97,220
867,130
574,89
68,7
682,207
762,32
514,145
998,434
843,305
347,218
189,340
181,103
682,135
31,453
166,290
514,487
489,198
649,66
656,224
681,51
177,216
870,485
365,3
377,313
304,447
350,433
963,374
353,383
971,259
808,164
658,113
60,39
924,336
297,48
548,462
909,383
540,255
509,54
668,121
867,276
593,127
892,307
655,461
30,397
609,5
334,163
693,265
39,355
61,66
343,396
992,154
819,376
431,10
531,314
210,57
369,14
235,81
634,118
779,315
55,142
401,127
605,160
737,71
824,211
369,381
38,291
462,340
928,262
925,274
556,389
709,222
213,421
882,284
324,433
445,175
152,330
278,19
712,338
796,127
210,170
275,451
428,327
876,233
751,292
154,463
283,259
688,337
461,441
801,102
622,404
775,150
61,148
165,354
381,274
984,316
601,341
616,64
955,66
724,112
684,195
923,345
485,136
191,252
556,484
444,273
227,443
975,94
899,417
393,296
574,290
187,374
1,68
779,390
48,467
580,438
651,143
548,412
38,213
558,243
39,296
512,214
40,183
616,443
733,500
719,161
703,399
815,30
847,138
977,464
830,394
215,410
897,55
152,368
578,348
202,101
25,473
465,66
162,262
621,419
271,411
282,48
838,54
186,467
238,392
973,226
291,191
904,153
545,25
579,445
844,427
925,478
926,113
698,127
274,162
660,333
414,168
535,439
989,146
518,13
66,142
756,355
561,474
885,50
247,242
779,186
946,393
652,347
458,410
576,298
871,306
752,230
29,147
466,149
458,155
33,285
600,287
33,305
781,459
289,93
783,161
393,285
718,418
867,179
130,200
254,187
563,210
229,276
480,445
718,453
423,321
134,366
34,356
545,258
723,283
512,439
86,432
220,252
5,490
774,2
369,97
529,425
883,310
503,63
899,26
375,73
256,225
576,113
190,73
496,363
406,489
726,235
695,43
941,461
978,134
505,101
779,155
12,22
171,166
1,438
227,386
698,267
659,241
781,401
360,109
505,484
179,173
230,285
526,292
915,222
731,456
881,55
981,158
204,405
895,423
41,193
571,388
691,404
570,147
592,274
778,69
865,410
31,279
878,210
536,429
567,68
258,478
512,277
746,267
20,481
819,67
330,253
391,136
213,324
978,5
605,261
234,100
483,6
771,31
57,478
512,166
32,147
364,323
35,90
606,42
513,60
546,412
168,165
427,168
405,195
23,1
56,478
780,240
427,167
694,165
43,24
426,300
280,447
308,359
647,287
701,275
30,208
265,77
351,461
268,250
526,145
701,18
332,251
226,383
286,292
211,114
192,320
787,23
363,44
376,146
46,43
860,141
584,290
572,82
347,362
605,339
516,350
695,237
991,35
266,45
224,341
557,172
980,10
957,339
342,30
834,481
37,422
270,385
67,406
678,295
64,179
3,234
341,342
922,144
396,483
447,343
460,441
185,233
179,143
550,147
20,465
815,450
313,257
623,99
434,377
869,101
242,65
312,112
922,217
554,29
159,85
941,113
503,438
219,36
993,83
418,172
426,100
587,475
652,43
907,146
329,296
987,310
733,163
530,445
978,82
51,402
964,84
521,103
732,142
134,5
627,313
139,374
44,37
394,322
476,8
671,423
733,342
709,296
165,142
653,184
750,183
968,333
487,233
566,8
456,7
135,437
107,217
575,408
85,2
503,313
347,177
582,465
938,146
367,126
791,57
451,19
629,78
775,97
588,115
632,25
78,335
123,474
542,455
913,107
274,360
951,424
311,238
812,413
955,252
684,308
197,224
474,467
609,444
906,35
823,151
107,337
443,431
820,494
744,464
22,358
670,336
790,209
162,33
718,487
12,403
881,298
300,276
389,327
62,429
366,41
61,248
668,289
939,399
494,275
525,52
408,267
893,224
720,257
794,452
695,395
963,285
394,208
400,428
424,269
97,186
566,448
8,390
638,289
721,491
487,323
250,322
77,7
389,433
537,165
306,127
867,344
537,108
91,483
94,340
744,437
885,141
120,301
829,266
686,81
105,439
977,85
985,490
400,1
663,379
372,4
61,433
470,431
925,414
920,477
360,169
216,89
991,318
166,259
688,107
366,212
376,391
265,414
39,121
422,3
290,230
862,441
457,230
365,151
376,89
108,248
819,27
172,99
483,83
949,158
789,70
932,279
410,238
995,72
505,274
938,494
343,470
699,375
873,403
427,65
545,266
981,299
796,336
504,235
524,135
337,346
865,198
355,141
178,290
426,449
185,313
416,449
549,326
463,339
393,471
885,493
201,161
437,94
789,227
217,227
510,486
885,119
526,295
488,379
844,333
764,351
180,311
524,353
862,244
485,362
173,23
125,474
39,50
288,66
756,337
738,332
335,75
143,194
641,106
677,481
205,453
475,64
559,187
555,130
630,218
938,77
56,402
913,297
93,297
964,145
147,16
263,453
248,128
553,461
167,346
168,306
425,384
428,79
220,38
920,448
450,10
770,270
192,180
852,234
247,261
827,145
56,60
805,464
391,147
248,450
242,432
717,23
707,363
499,348
425,87
375,70
637,442
457,311
8,422
779,272
882,92
106,196
413,155
399,402
328,449
143,12
207,135
582,304
672,422
867,120
993,87
965,173
636,59
139,195
484,47
992,185
82,137
29,356
760,280
353,267
6,278
108,103
179,359
737,156
203,289
25,217
815,193
268,80
171,481
851,338
376,376
65,182
634,111
384,268
11,276
431,302
206,274
361,311
544,49
857,184
465,456
121,369
209,289
794,408
613,60
214,473
440,216
249,134
110,220
286,325
684,1
726,340
931,413
19,13
556,88
67,40
333,427
663,443
57,324
379,257
982,236
976,434
368,4
645,51
867,438
501,145
286,299
281,141
418,95
334,183
417,109
929,135
996,282
319,154
909,409
489,350
107,101
717,483
964,318
840,193
589,250
543,18
756,40
996,220
255,76
781,23
5,495
489,306
321,49
76,1
160,136
834,240
416,403
760,234
568,9
86,298
751,140
928,342
20,351
580,454
172,268
326,312
323,406
446,293
393,467
276,365
598,434
522,15
760,109
839,33
704,134
3,456
166,352
94,479
993,337
780,2
320,254
867,262
758,387
253,59
408,154
40,183
218,307
115,90
592,265
204,47
809,483
44,287
261,294
219,120
759,212
128,305
837,120
473,193
724,198
177,133
201,396
247,396
514,169
467,282
283,165
771,137
13,444
556,208
736,302
189,101
33,272
444,307
95,84
668,225
576,433
990,491
432,406
60,11
681,254
869,75
614,455
194,261
289,4
959,435
197,272
469,91
613,208
21,252
651,472
967,331
493,462
384,460
882,464
354,343
947,462
389,168
716,5
611,105
889,107
282,436
622,483
58,420
998,40
398,115
861,410
487,161
881,353
196,261
387,258
542,371
876,244
344,18
930,420
684,183
386,434
864,174
463,497
695,90
112,121
987,441
392,31
672,217
559,469
469,122
366,60
860,72
976,120
377,157
243,8
63,169
118,296
661,154
709,36
159,415
791,406
177,313
921,143
854,70
163,410
327,438
288,210
184,163
803,191
140,412
476,249
88,366
186,289
605,440
907,205
879,109
367,467
283,456
315,422
245,204
353,9
519,286
484,380
69,193
961,112
989,444
737,63
461,438
851,138
85,439
286,341
803,335
428,49
149,6
2,444
448,319
341,133
751,406
198,406
320,208
838,384
761,441
749,426
416,326
179,367
184,312
833,378
174,106
210,179
259,94
180,257
349,104
987,138
717,221
340,27
133,50
54,306
379,38
100,398
654,44
751,182
818,142
177,229
686,468
629,382
538,477
794,256
589,117
694,185
725,480
815,421
952,214
645,318
487,324
771,478
771,450
908,486
743,179
370,118
773,107
537,313
733,327
131,211
415,144
988,294
721,42
814,470
421,24
679,493
266,234
230,304
907,239
460,272
572,189
991,257
48,345
266,37
896,196
872,72
582,100
944,263
167,380
426,240
751,361
56,390
863,350
456,446
489,375
893,90
140,496
989,410
875,28
509,1
615,255
896,289
741,281
191,299
355,78
218,149
203,451
404,418
474,245
885,54
546,142
970,371
51,317
79,332
617,135
20,153
655,376
413,236
433,183
763,179
815,136
728,310
965,500
864,260
983,210
634,114
762,328
54,168
406,480
809,285
144,422
420,426
627,5
787,94
958,91
641,101
697,237
272,15
793,82
542,308
139,35
883,447
749,329
855,172
112,352
720,459
354,318
761,487
71,332
647,475
320,475
733,396
764,322
439,48
418,7
523,163
161,153
299,61
767,238
807,380
493,395
56,496
555,469
192,268
696,489
76,271
418,109
779,477
308,250
176,317
406,350
67,433
69,439
679,348
363,406
124,151
313,326
92,358
513,161
739,170
601,6
343,198
185,100
575,31
150,494
760,162
311,160
715,156
796,235
106,52
702,437
73,449
505,364
313,98
159,85
247,189
790,445
820,284
25,84
6,219
197,162
523,110
881,243
877,418
721,270
793,113
164,7
682,387
312,71
738,420
512,17
25,255
428,330
86,385
30,137
338,64
629,253
460,91
914,309
279,103
400,259
143,374
41,204
730,60
83,188
916,264
265,405
587,59
493,215
113,200
556,399
440,70
810,192
840,71
612,40
235,22
141,204
625,245
800,308
351,409
940,314
363,246
277,269
931,242
607,458
691,115
630,418
852,274
417,147
746,156
845,138
246,187
53,150
202,256
446,444
916,389
993,126
497,190
386,162
491,66
718,151
389,388
17,355
427,203
885,366
270,72
142,478
261,271
771,24
591,261
983,151
757,76
421,96
717,296
530,214
281,447
68,439
605,81
409,349
935,406
298,468
994,208
470,108
306,337
659,215
484,362
551,496
950,415
101,243
329,324
434,287
63,67
455,38
143,272
682,212
246,310
613,437
407,280
920,493
795,21
153,427
820,204
906,461
931,101
571,96
977,137
606,276
3,113
930,116
686,198
575,172
834,151
897,71
36,68
231,91
955,96
410,288
691,403
699,102
696,223
429,219
450,301
946,373
463,126
850,260
407,259
733,145
905,310
906,144
386,264
776,116
117,313
617,385
166,391
143,225
665,220
246,319
456,126
674,154
873,288
441,139
997,387
224,263
493,231
156,256
360,352
351,491
839,337
683,330
745,52
194,275
130,156
251,109
246,349
457,395
276,375
645,493
357,470
716,319
788,324
500,121
191,100
96,99
284,307
162,385
31,362
120,117
887,72
663,449
97,330
620,33
931,225
362,481
299,304
893,132
176,495
85,61
982,471
38,147
383,252
564,440
573,229
164,358
524,480
438,38
692,254
495,351
620,249
674,216
610,340
710,461
751,352
339,364
983,263
470,488
318,167
316,415
846,189
19,446
653,402
20,357
67,183
853,497
458,284
75,21
670,464
244,272
19,242
763,52
414,398
484,39
956,240
983,424
238,189
745,453
374,356
614,338
404,377
484,451
881,412
720,61
244,471
603,465
2,69
151,179
928,210
156,453
133,264
792,177
123,47
722,75
940,318
703,136
728,78
606,5
860,101
798,48
175,76
151,310
311,137
205,261
713,377
73,313
76,78
411,386
502,229
770,412
873,95
683,304
414,361
912,491
809,262
999,262
388,460
500,432
430,480
121,108
244,240
385,302
135,295
572,445
118,460
708,429
50,19
263,282
399,206
613,189
419,259
921,114
663,7
389,268
626,359
253,250
973,327
614,99
593,370
408,336
293,60
661,397
363,451
862,69
42,412
411,168
22,341
383,469
307,82
759,13
249,444
415,467
313,310
461,437
678,103
41,255
295,402
409,147
753,270
20,198
801,25
652,211
54,99
46,302
957,387
710,479
934,138
315,452
556,325
73,329
530,263
614,36
273,192
764,477
526,492
325,237
848,123
693,418
575,353
113,470
216,31
173,418
917,450
203,45
849,312
192,236
545,473
544,445
814,394
234,359
399,358
646,57
756,307
578,117
301,156
388,21
128,393
658,346
314,483
317,90
349,127
580,476
383,205
357,234
139,310
358,487
417,79
770,319
680,253
567,168
692,15
251,354
195,35
351,468
785,466
356,402
779,469
106,339
760,332
96,8
340,347
93,362
590,300
53,478
697,257
447,488
848,295
99,391
514,240
409,318
422,198
980,78
520,84
38,336
792,394
821,451
180,305
755,185
124,200
235,251
747,111
639,39
461,391
55,177
124,283
252,10
949,91
826,469
47,386
467,155
123,314
65,467
183,91
716,283
469,216
505,66
489,115
379,63
631,324
91,155
810,174
875,123
90,222
649,409
13,437
655,205
366,204
238,179
930,470
955,432
39,35
434,359
895,457
455,31
35,309
68,415
475,243
747,473
841,30
285,395
917,267
908,316
323,485
3,196
289,223
885,372
564,357
866,61
570,101
854,303
603,98
236,357
617,156
257,324
22,31
682,386
68,201
327,226
119,464
825,290
911,448
102,87
226,263
510,137
158,22
486,399
556,392
665,159
72,27
390,404
677,474
621,284
893,251
27,213
54,233
206,24
313,22
226,134
907,364
57,50
606,10
753,211
354,74
71,319
61,369
377,382
458,7
521,294
189,341
990,95
885,413
445,115
866,161
668,211
925,249
135,97
151,275
388,408
538,280
568,133
59,34
796,369
393,344
163,123
608,495
794,187
14,175
722,330
374,25
434,8
643,321
308,150
636,462
66,256
302,271
2,487
815,426
117,476
158,396
141,401
545,37
292,142
518,448
426,326
915,282
846,176
801,228
741,81
850,24
761,493
203,247
616,271
485,85
534,197
566,144
885,33
212,182
968,218
730,419
735,171
963,64
69,23
434,279
557,189
364,435
875,18
542,262
359,89
784,314
755,95
427,266
646,190
462,420
306,1
540,404
751,397
674,87
794,449
860,409
849,367
519,300
933,79
393,295
698,459
389,147
626,359
762,286
517,426
443,41
437,105
489,184
398,55
213,162
19,247
842,287
227,210
782,479
531,489
505,255
661,15
111,258
397,183
384,146
12,62
302,371
726,408
110,478
998,97
231,3
858,383
584,300
417,163
846,492
304,122
843,340
812,329
970,89
785,145
47,121
33,281
836,124
705,281
645,3
37,241
989,400
820,263
554,200
630,482
283,78
106,100
993,54
491,195
691,454
786,164
108,244
40,424
72,133
818,16
844,334
999,433
386,382
45,266
668,76
759,450
160,107
547,305
97,395
767,91
798,287
924,159
804,329
363,131
559,146
404,110
717,16
870,138
283,190
888,208
234,127
686,232
457,102
400,291
654,78
708,437
190,162
147,449
681,468
272,13
828,287
437,213
670,404
656,75
564,430
419,489
680,474
601,384
387,118
420,1
371,368
364,342
152,236
914,127
417,36
874,103
268,296
15,431
762,438
328,277
472,463
72,13
42,360
259,129
330,424
621,160
190,91
21,154
896,245
230,490
966,117
182,329
874,281
95,298
116,115
138,360
115,205
700,128
220,1
529,20
97,457
261,346
994,423
674,269
56,357
979,259
918,167
254,138
707,46
440,480
170,182
595,443
595,215
299,267
898,310
182,137
388,59
513,460
314,491
143,222
151,403
332,224
715,488
264,371
522,430
104,37
639,367
814,103
409,59
72,233
808,394
334,43
225,91
213,171
388,307
696,94
743,169
927,295
843,397
120,356
276,283
665,315
398,55
111,64
435,132
712,42
66,302
821,375
641,101
156,230
187,319
786,12
980,390
166,131
529,424
936,344
228,35
928,211
437,290
915,273
773,281
479,374
276,5
464,17
994,289
484,257
691,36
760,246
675,365
422,380
0,28
662,300
679,60
153,202
239,58
44,71
922,192
497,317
466,184
394,96
768,387
383,112
487,326
983,301
215,100
290,171
782,154
621,272
473,92
799,447
16,278
352,130
887,299
146,20
664,285
255,233
230,258
218,495
205,140
762,228
21,329
576,38
262,409
193,427
205,232
567,17
188,147
803,413
735,27
725,337
323,499
892,276
705,468
696,247
976,302
316,13
425,337
626,407
524,73
63,82
719,492
837,142
7,95
559,221
311,205
695,2
197,443
316,436
284,108
871,207
548,481
684,73
854,216
213,281
747,495
674,265
845,144
757,18
77,113
386,238
882,207
468,266
539,275
571,62
620,185
49,182
853,372
715,303
977,210
5,416
113,499
182,343
528,60
843,211
18,274
479,495
757,374
256,473
410,363
765,309
637,252
203,182
983,419
311,128
909,3
582,240
737,439
560,97
158,444
354,207
674,25
483,137
780,6
119,311
340,22
111,43
730,170
809,290
382,395
803,36
439,479
747,401
647,125
378,170
283,168
648,300
281,391
177,176
386,74
940,492
542,176
908,358
943,293
183,327
686,311
627,187
498,150
385,267
847,329
970,391
514,387
119,488
547,79
589,7
3,480
324,205
469,282
224,462
337,2
600,391
779,44
924,136
762,184
852,111
125,162
100,492
832,263
731,2
972,49
3,51
604,263
587,252
787,211
239,180
460,5
153,80
201,345
1,151
797,64
80,484
301,248
66,345
776,126
122,450
24,306
223,299
601,154
76,59
190,216
342,72
827,426
742,252
364,419
614,238
973,500
697,481
51,56
674,281
687,141
638,140
387,73
438,321
541,403
365,157
616,92
944,30
266,484
563,325
937,13
112,139
638,146
26,201
987,489
632,449
424,97
676,249
289,363
635,227
908,416
584,262
423,127
49,173
990,89
971,242
218,3
450,219
413,155
992,285
73,360
758,140
544,264
880,212
382,371
731,209
315,50
986,407
558,102
838,94
867,224
604,139
92,30
960,265
621,371
607,406
961,48
978,359
11,131
526,68
519,266
192,132
742,289
183,214
624,16
946,380
84,28
704,245
267,217
454,22
963,259
418,97
703,429
583,214
604,350
474,51
374,450
560,136
984,293
130,105
179,221
577,248
942,79
876,338
739,20
617,478
675,365
319,104
863,252
705,289
511,409
655,272
152,334
447,409
390,42
625,306
986,486
199,454
980,139
283,340
9,28
603,12
463,37
0,361
598,260
285,303
969,111
314,248
362,403
151,62
747,216
246,75
560,259
129,258
67,409
387,382
759,169
707,373
694,361
898,419
6,230
430,493
902,154
359,245
206,67
518,120
924,395
222,463
843,419
938,131
46,485
662,452
475,294
226,477
50,196
969,90
988,217
680,334
89,285
945,428
401,6
463,278
308,255
740,90
990,414
863,497
938,279
153,450
503,283
38,387
336,346
288,370
668,29
719,487
686,115
230,14
960,471
631,17
480,303
662,113
53,404
682,182
938,187
232,92
832,136
978,304
811,422
613,456
787,43
416,120
330,278
704,54
397,470
184,225
260,337
902,306
315,86
193,36
675,477
318,135
963,362
554,103
423,246
58,451
251,38
294,472
353,380
348,28
558,436
912,193
283,379
865,347
630,300
503,72
137,369
273,241
362,169
307,162
650,476
260,258
602,267
517,244
654,286
365,28
157,424
634,163
673,378
379,279
465,209
737,477
870,334
579,432
147,43
200,11
565,245
430,371
450,245
194,316
966,124
737,287
408,354
811,88
43,463
439,14
840,77
337,284
321,406
369,119
753,399
717,146
655,169
62,45
664,332
64,495
252,210
58,111
601,283
398,311
196,80
515,260
271,284
541,421
252,71
534,110
831,490
934,188
441,304
174,464
289,481
747,450
909,272
789,202
718,270
71,2
329,458
657,165
714,496
912,415
436,107
624,277
843,310
0,489
490,130
395,53
911,179
319,429
452,242
494,318
50,260
642,198
582,301
358,150
573,46
119,335
428,292
177,172
111,107
478,389
595,91
161,162
712,451
561,88
246,252
545,53
664,372
28,278
30,341
325,361
76,300
293,121
128,191
902,308
985,264
676,31
755,107
172,261
551,404
124,274
830,217
57,195
606,411
928,271
902,441
764,116
755,169
686,376
965,300
883,52
516,69
207,400
788,234
783,165
495,354
724,179
585,183
939,378
751,468
2,49
897,59
405,498
423,454
982,329
455,183
627,315
76,194
402,251
682,203
711,46
206,218
606,76
643,176
395,295
863,411
54,219
604,233
693,111
490,50
482,252
257,32
908,211
900,304
961,246
74,372
40,244
367,443
620,125
727,162
909,395
618,449
417,186
130,365
944,435
769,161
237,68
384,123
384,280
682,283
936,270
376,471
934,411
309,470
692,174
761,279
797,285
867,393
638,18
552,1
434,279
984,196
539,310
479,436
964,200
329,90
172,430
279,290
724,200
334,266
546,94
942,328
758,368
704,296
777,426
801,207
222,149
171,74
345,58
675,430
652,372
661,33
320,408
795,155
408,430
589,392
704,422
578,301
309,38
652,433
895,19
554,221
609,295
255,88
66,375
279,227
243,21
90,169
904,313
193,87
332,320
334,195
460,258
744,66
198,63
939,160
259,145
670,68
215,92
342,45
170,250
560,145
638,238
996,469
720,44
5,310
12,332
356,239
986,81
117,227
181,473
321,266
985,119
634,12
100,44
253,430
93,214
970,354
113,87
159,321
989,474
634,284
774,273
845,253
76,48
156,248
485,482
42,306
806,250
673,333
211,111
881,214
904,209
503,320
968,428
647,38
82,319
389,189
404,332
340,364
968,75
521,309
155,416
106,361
916,429
920,375
762,281
612,297
390,496
278,224
319,245
280,455
356,471
409,133
172,299
197,60
25,49
842,17
339,389
925,406
601,42
267,321
747,487
940,268
731,270
1,174
561,175
622,429
205,317
427,71
320,92
500,86
91,311
176,298
497,20
631,289
529,271
965,449
227,396
595,362
875,341
716,438
499,408
13,295
987,317
606,81
332,257
61,97
883,392
906,246
497,485
116,211
990,132
90,309
805,175
167,115
459,42
516,368
737,186
481,2
810,329
383,269
862,316
516,330
580,301
129,218
758,196
88,383
758,110
639,279
391,338
370,456
414,193
213,248
919,16
638,409
20,127
977,113
72,108
45,360
162,122
900,107
157,194
800,378
772,17
136,93
523,372
138,229
8,297
458,333
161,94
105,280
439,476
553,247
167,453
300,228
594,363
445,127
570,262
438,247
853,289
280,100
798,470
433,380
110,47
360,317
106,376
324,16
230,211
106,240
519,488
901,357
158,211
744,239
825,15
655,54
299,377
292,297
212,230
293,176
163,294
882,223
639,278
908,4
813,293
889,96
980,51
196,135
828,59
282,319
997,251
295,364
812,226
519,430
952,498
353,346
811,351
109,246
164,213
909,488
361,98
674,167
553,252
590,143
8,154
910,259
763,341
371,84
243,231
278,240
944,4
432,196
994,146
404,359
132,47
140,409
797,121
256,277
491,138
669,96
788,485
537,246
95,426
717,139
725,81
196,118
414,462
776,498
341,410
196,62
125,274
899,187
381,459
983,310
102,285
422,179
878,256
871,46
717,280
66,476
573,304
14,90
695,131
180,114
735,317
728,12
377,25
624,493
277,368
636,418
38,457
437,443
265,278
747,14
793,168
207,199
87,232
71,379
454,500
296,383
125,256
421,127
197,464
717,283
930,395
571,228
887,366
599,4
738,253
106,225
542,351
926,169
143,208
196,148
809,107
303,274
265,14
974,132
69,212
823,465
959,185
975,286
708,117
822,343
435,222
551,172
625,224
973,242
610,493
800,459
218,390
575,409
593,229
488,186
940,367
875,124
864,150
444,378
298,452
471,67
18,124
318,36
806,375
94,236
795,186
616,118
966,147
3,296
328,458
734,339
312,47
171,48
714,241
96,62
325,113
223,261
515,397
69,375
793,308
279,157
70,200
584,287
905,256
151,29
635,172
869,14
931,110
757,32
120,311
220,16
729,423
312,316
728,189
381,82
542,104
890,177
824,215
731,180
766,428
55,371
84,356
929,338
978,386
604,156
958,127
719,133
233,486
232,384
383,90
540,309
664,77
301,223
235,330
965,230
755,235
975,75
177,190
357,137
224,10
611,188
432,295
538,217
107,38
345,110
771,246
318,176
316,229
419,35
550,330
803,29
226,477
35,399
93,441
741,429
739,59
8,257
475,160
260,192
993,428
825,57
953,290
935,27
62,358
711,234
946,15
601,9
648,203
391,267
869,222
862,39
733,259
157,3
82,37
670,422
511,250
690,138
939,133
777,22
865,246
71,131
669,496
186,126
888,92
527,314
564,325
892,452
787,51
936,237
857,408
23,207
691,114
170,144
79,160
3,92
299,57
174,222
809,247
586,335
136,119
911,280
670,217
146,386
273,4
404,491
381,98
521,222
591,95
275,96
57,11
487,475
638,325
903,36
941,461
455,150
498,402
115,38
343,155
45,270
747,393
637,481
321,223
416,45
929,433
235,376
755,5
713,197
823,447
288,177
458,49
698,150
699,172
959,171
172,179
976,284
412,46
78,201
593,418
1,323
538,476
605,39
851,435
902,52
306,456
964,447
366,5
401,38
527,266
936,283
640,500
368,187
977,127
181,368
209,184
432,419
841,400
420,394
84,236
890,78
946,407
911,321
476,321
600,175
250,354
120,267
663,35
552,333
342,204
325,124
6,4
800,114
737,382
494,183
330,310
544,124
77,295
901,280
752,155
402,466
727,450
732,334
710,31
357,461
495,54
322,228
283,455
925,480
909,100
342,122
818,347
468,10
149,142
330,362
71,337
556,297
83,132
464,473
568,490
26,122
607,488
608,297
916,217
44,258
914,344
608,26
255,103
59,140
87,492
354,311
716,279
530,189
538,458
937,371
881,326
572,242
915,85
555,398
214,369
329,498
268,37
880,223
637,403
849,198
38,191
112,449
235,202
814,382
40,295
977,41
37,271
454,99
392,431
231,331
228,21
895,229
318,127
129,226
561,363
793,200
536,293
850,206
16,366
503,76
760,191
493,429
121,130
989,210
847,365
688,121
882,494
699,274
230,194
657,414
325,255
144,37
591,120
347,2
888,479
143,279
984,355
594,438
920,363
197,132
831,444
122,396
964,55
568,335
990,419
771,404
599,350
25,7
904,106
616,288
494,88
866,158
730,185
818,254
646,434
561,343
954,450
785,218
695,394
659,243
475,416
451,390
819,293
593,497
415,258
75,176
158,226
37,223
195,159
563,1
471,374
989,168
422,173
417,69
694,304
919,421
57,287
509,87
683,248
603,158
911,136
641,383
173,369
820,137
982,208
559,319
904,168
686,126
228,343
614,369
229,224
921,467
747,87
789,465
557,38
340,387
630,16
646,429
462,352
434,103
321,324
308,181
148,351
520,119
859,174
180,353
216,195
940,23
295,48
287,296
261,212
471,325
910,155
318,208
21,160
924,274
198,323
860,67
359,489
654,42
470,261
360,197
204,317
405,207
871,186
999,464
413,77
25,330
604,295
333,210
198,464
445,395
890,21
909,411
254,307
325,234
216,48
460,438
756,445
759,101
896,398
114,462
819,442
773,423
75,426
744,363
638,186
345,208
873,50
410,155
4,156
936,213
846,492
597,287
356,452
583,302
269,202
578,102
106,363
384,200
657,483
921,153
712,7
893,102
494,235
142,287
797,378
243,177
12,191
479,301
881,426
369,202
388,12
884,78
54,483
798,361
808,98
469,71
24,154
853,73
310,367
879,318
966,306
508,360
142,279
479,442
590,118
720,153
807,455
356,437
124,144
18,9
269,387
321,238
755,141
820,17
774,430
192,460
961,171
788,204
271,459
575,445
871,297
800,483
747,390
118,52
487,99
368,438
268,451
631,260
964,269
479,193
119,40
36,86
844,134
562,70
140,415
940,472
321,403
854,279
892,388
103,33
795,379
813,495
369,152
860,449
735,497
250,131
424,369
809,387
195,435
72,326
601,279
155,467
110,439
622,343
85,338
905,179
156,158
205,419
839,464
877,128
800,62
335,330
860,341
826,468
200,402
354,280
50,95
6,474
508,430
347,89
324,309
217,191
791,89
243,355
251,274
612,229
540,180
869,425
710,165
147,44
153,194
349,424
595,251
219,178
927,112
50,327
531,38
108,325
767,183
844,460
137,390
967,429
54,139
806,41
531,375
248,259
601,347
92,130
415,280
468,359
769,336
854,299
39,268
692,223
432,205
499,20
749,488
504,55
370,458
270,307
591,181
501,166
613,147
828,213
619,289
383,292
864,267
155,175
203,7
134,67
855,155
173,96
114,201
989,91
76,126
242,113
989,206
206,340
399,112
609,451
715,486
422,45
639,120
47,377
77,263
447,473
903,188
837,24
142,259
232,66
89,30
102,20
762,442
263,178
645,462
982,146
395,279
335,422
995,273
563,398
511,380
321,151
164,201
472,404
427,280
967,220
732,355
221,388
611,454
620,255
603,31
183,60
638,116
69,8
806,96
894,250
150,446
410,156
434,110
73,488
869,398
437,111
418,45
539,113
666,120
489,52
243,465
937,203
17,457
331,451
70,309
186,213
950,358
580,161
878,54
533,164
770,343
957,121
933,27
469,223
587,210
154,443
67,233
168,124
376,23
423,310
551,321
427,462
490,215
677,112
755,38
695,171
788,266
549,110
275,246
911,318
940,471
435,171
726,454
207,263
359,397
716,237
955,472
630,439
632,464
904,405
877,86
116,139
17,364
592,453
847,66
652,201
303,458
448,145
952,349
155,260
666,274
646,165
504,378
438,411
778,323
416,63
337,297
351,330
115,87
442,70
446,462
289,342
961,238
133,15
598,401
903,223
860,52
760,325
249,178
224,109
909,204
835,6
497,328
949,121
486,461
534,274
611,367
713,447
974,56
262,401
35,48
720,448
498,483
224,297
563,69
368,379
685,213
908,443
723,435
730,393
632,100
338,424
282,429
993,130
529,265
216,442
667,468
457,99
456,429
193,370
952,54
489,487
317,311
206,205
259,129
361,332
907,354
905,201
599,275
244,129
680,234
997,426
691,365
359,247
394,395
127,131
822,426
287,246
514,95
919,484
955,343
518,139
980,18
103,424
359,250
63,329
765,133
18,154
134,57
437,114
603,246
974,373
912,317
95,204
784,328
26,237
97,369
47,342
695,377
616,193
76,154
949,94
293,256
11,105
384,265
224,74
993,253
162,227
611,183
149,145
571,306
867,23
721,458
461,109
984,1
272,393
653,102
531,172
436,446
117,47
237,212
259,369
918,280
295,281
314,487
108,457
47,25
94,163
677,419
638,300
962,43
619,291
291,187
484,291
981,488
858,77
714,92
363,409
742,203
657,240
361,153
353,400
383,365
775,200
955,315
846,106
59,324
109,264
612,313
661,267
677,32
720,359
114,202
180,67
487,410
124,196
892,143
119,114
384,450
65,459
38,387
832,417
509,59
10,467
539,331
154,44
553,187
833,55
897,454
745,43
19,185
292,387
760,91
523,155
190,357
850,55
114,55
385,375
124,200
574,40
916,298
862,357
330,258
914,443
619,183
662,157
280,81
845,407
712,206
368,438
157,293
189,76
84,311
596,390
654,303
453,240
548,381
221,480
951,144
792,439
229,406
672,1
992,469
603,24
40,335
139,489
641,406
382,495
359,470
822,484
781,8
499,362
22,354
748,87
2,21
997,286
66,14
123,179
575,377
162,465
445,423
239,374
365,136
602,359
167,425
770,246
110,400
221,3
958,10
431,243
609,349
711,12
334,12
522,278
267,61
695,194
417,82
545,74
454,343
731,309
593,423
749,121
397,237
29,350
744,84
769,85
174,68
545,362
870,248
657,80
14,157
620,444
378,383
724,241
120,203
830,427
583,274
691,91
286,197
32,163
233,250
199,99
877,307
438,179
973,94
502,31
877,273
862,330
500,231
461,4
999,157
399,124
471,427
631,413
756,151
674,287
332,109
796,458
436,72
804,472
55,213
554,389
444,254
385,337
521,214
40,345
918,143
322,326
389,305
21,238
741,103
216,497
965,408
197,58
557,477
78,280
945,370
99,140
751,346
778,272
551,367
352,436
426,75
907,133
323,90
90,140
731,405
524,142
873,261
389,295
69,481
407,427
485,232
309,113
385,431
243,351
673,123
801,195
991,244
366,321
479,63
850,470
851,390
835,209
962,229
129,365
688,316
861,114
777,180
316,220
575,4
49,199
372,430
928,197
721,394
632,339
980,107
224,27
752,428
234,74
782,227
748,335
106,98
827,60
841,386
962,477
517,369
145,123
523,387
281,298
108,394
203,231
471,403
400,305
496,57
915,458
25,77
195,299
422,43
117,322
919,453
398,364
743,347
821,67
498,75
231,189
67,90
556,292
170,147
599,242
197,472
4,337
854,424
801,203
842,336
319,179
969,146
882,201
969,484
491,136
837,194
407,492
691,268
768,246
659,10
601,172
604,405
799,209
912,31
875,393
880,156
556,83
82,157
490,32
742,174
861,478
145,171
716,281
16,26
641,61
230,109
449,253
144,260
42,196
862,407
149,199
612,303
498,215
95,74
979,265
515,439
745,464
976,67
26,265
558,170
869,434
669,436
268,358
607,481
199,470
297,136
682,242
196,368
420,378
370,332
896,411
868,17
337,26
233,333
455,136
976,75
638,413
910,187
901,151
587,125
772,274
735,218
806,206
834,378
462,41
289,71
966,400
805,255
891,416
669,147
956,126
99,194
218,393
644,349
905,60
513,127
323,168
443,376
118,455
611,10
996,159
800,125
201,430
553,473
674,347
618,487
696,127
667,261
43,494
676,298
531,93
253,422
770,381
985,226
678,309
363,441
242,348
913,56
396,346
381,328
689,499
643,65
661,35
548,234
79,217
128,192
304,101
187,392
860,420
150,302
849,400
230,232
884,489
490,92
708,404
789,22
262,351
828,94
351,490
26,111
736,181
390,329
531,390
454,288
796,237
109,102
587,172
896,310
342,493
502,443
852,113
381,213
732,291
930,366
715,100
392,270
420,182
914,405
225,215
243,467
168,25
202,278
890,68
44,227
989,281
473,467
440,319
41,332
791,84
879,229
564,208
131,162
109,149
566,34
790,479
678,47
907,488
546,276
167,238
615,139
427,236
32,84
350,202
732,491
42,133
673,206
775,92
351,171
441,393
208,113
877,379
859,10
849,117
783,434
249,240
869,170
13,167
358,428
55,388
195,494
19,290
76,478
784,106
400,394
827,191
747,157
770,336
558,178
958,480
791,140
657,232
713,296
679,337
151,433
762,200
26,353
253,16
611,244
458,60
81,481
551,434
659,224
10,428
842,13
406,273
750,80
646,136
433,262
221,466
256,139
256,482
189,117
748,490
410,301
857,444
872,354
424,463
581,459
473,268
692,346
244,421
238,192
81,329
511,331
668,43
44,207
40,229
839,348
324,409
293,317
538,19
567,160
12,488
940,34
930,116
560,258
286,404
277,396
977,107
192,495
518,215
567,309
644,7
246,180
361,288
240,448
929,37
635,326
710,476
972,156
601,8
442,7
943,428
222,290
168,186
560,426
472,122
949,181
520,10
188,256
303,267
800,61
305,298
351,251
154,76
354,58
116,348
837,346
723,480
310,324
450,354
354,108
271,477
251,346
361,395
918,452
266,107
352,449
895,290
993,428
428,319
272,476
884,179
574,352
702,5
520,238
996,83
475,137
429,83
204,465
562,142
319,489
814,480
845,407
526,441
163,426
192,498
245,257
352,71
817,284
300,241
920,13
689,441
55,294
624,493
676,186
896,167
205,317
375,472
329,100
347,26
10,394
130,27
370,330
361,418
234,446
666,120
386,221
446,35
978,469
138,66
527,28
383,338
938,402
641,165
194,124
793,191
154,55
854,133
668,42
230,178
221,242
322,460
746,102
639,95
912,32
497,407
954,180
74,203
419,70
552,235
323,282
93,346
446,56
424,221
408,434
400,405
709,288
353,304
821,95
671,355
844,454
623,203
0,9
629,474
227,371
800,129
361,99
498,165
867,251
84,470
90,234
102,224
791,109
795,469
718,485
491,49
428,247
18,498
781,100
974,19
128,276
733,363
607,283
517,98
533,456
966,61
532,454
346,216
631,479
748,461
26,260
718,291
474,235
220,221
710,153
870,109
900,21
188,94
257,297
409,454
192,477
546,433
228,485
56,415
785,228
976,248
372,323
60,458
314,43
699,383
542,500
691,474
252,275
847,105
275,70
91,93
848,195
180,206
245,260
357,86
216,367
300,89
711,479
827,206
610,177
562,389
17,300
105,160
692,384
883,185
186,218
823,383
504,171
392,121
467,262
44,180
721,32
234,480
154,379
948,123
76,423
748,422
676,186
899,261
664,474
349,101
512,348
856,312
38,416
482,245
35,492
346,179
936,219
887,257
510,168
934,305
845,328
639,442
321,49
782,335
939,156
327,373
492,233
258,28
908,118
351,427
936,98
35,250
865,49
472,262
809,406
738,472
913,500
366,446
902,166
613,343
331,238
430,258
119,413
994,91
982,493
177,274
94,291
826,176
992,456
55,160
518,41
327,135
460,351
613,297
799,373
373,241
954,364
631,247
375,167
252,260
738,53
21,98
145,101
668,403
152,154
58,185
562,160
279,420
665,298
231,84
118,189
42,177
628,186
620,356
711,420
251,149
106,75
392,260
822,89
428,217
750,350
395,324
639,475
494,229
990,259
346,414
753,159
678,499
311,116
803,226
955,308
652,332
979,353
324,271
432,174
822,364
734,312
424,426
915,256
761,124
949,320
977,367
795,419
472,10
309,371
222,397
424,178
978,215
841,253
262,96
427,462
279,222
100,80
659,222
137,489
547,339
762,76
96,424
65,388
170,208
107,390
771,8
321,15
402,40
352,282
731,266
532,262
211,324
436,410
226,392
126,271
121,163
683,51
499,140
645,207
240,392
749,197
388,267
474,35
79,264
875,184
693,229
254,449
349,306
361,351
911,365
213,465
135,252
474,449
870,172
477,112
63,405
183,192
431,102
63,353
718,299
552,39
594,238
253,280
714,68
528,10
64,45
178,456
648,470
588,30
605,175
309,223
203,32
628,123
383,174
445,438
882,469
201,232
252,448
853,379
886,370
813,30
224,442
841,172
856,149
957,323
588,369
519,103
303,446
442,194
551,163
207,225
528,374
51,185
737,60
3,445
147,375
659,57
818,70
615,424
908,485
593,234
151,163
433,268
175,105
59,262
885,140
377,315
795,226
369,412
979,133
82,215
48,393
80,442
596,237
951,1
240,446
283,337
618,460
910,100
401,230
843,406
292,345
864,36
640,480
977,272
424,387
454,381
127,7
398,166
897,270
749,187
831,20
561,383
217,65
186,385
878,169
144,145
967,251
879,496
522,166
125,157
235,271
516,58
468,52
242,275
180,385
253,217
390,30
301,28
168,157
418,451
540,226
420,477
284,197
634,94
302,487
386,183
15,69
598,67
604,393
392,355
43,19
76,220
104,478
764,476
660,108
513,471
551,497
228,462
686,183
333,467
192,66
483,194
90,331
258,111
355,487
283,252
433,471
597,168
730,466
561,144
887,71
331,17
946,109
276,370
33,162
845,150
787,340
910,443
463,239
124,476
668,244
441,96
58,422
196,272
135,191
546,354
926,426
877,141
130,28
928,442
825,225
837,325
283,329
541,228
114,249
127,212
987,241
436,14
994,71
158,209
180,369
793,20
781,19
138,190
923,261
132,111
58,237
73,277
237,2
557,491
846,500
998,343
141,262
72,439
485,394
110,47
572,429
563,389
969,80
638,257
575,315
611,368
664,473
638,449
693,73
730,347
65,180
96,119
534,355
451,169
535,152
136,445
780,436
243,425
52,145
285,234
877,283
906,101
527,297
502,287
374,343
240,204
638,94
134,481
617,167
496,373
156,104
369,152
792,497
919,368
291,213
212,352
279,210
197,186
899,494
543,92
133,135
746,379
969,369
310,424
427,184
66,440
352,203
11,124
283,31
977,110
131,196
630,220
649,234
623,343
576,136
85,79
813,403
693,494
822,149
683,374
231,353
998,377
703,324
436,200
1,226
342,272
742,59
439,453
272,76
574,340
234,477
890,265
19,286
629,271
985,259
241,260
2,465
856,100
93,419
64,201
303,206
450,128
282,9
611,341
712,500
284,370
765,55
556,330
2,59
182,264
222,147
525,314
407,226
723,269
278,137
17,375
33,446
385,332
273,363
159,269
756,358
758,68
829,182
719,153
103,260
923,179
953,151
634,439
755,310
765,440
822,137
509,209
146,499
574,59
577,72
990,224
504,261
888,58
518,289
533,127
957,215
594,483
150,74
148,24
625,430
656,22
889,228
999,468
438,298
182,77
20,368
700,44
425,59
245,344
12,116
916,288
721,142
637,412
737,137
784,132
102,390
249,177
924,457
844,311
722,489
173,3
672,332
846,70
387,103
130,466
812,64
703,427
430,351
617,259
966,218
552,120
285,478
755,183
945,412
902,67
754,37
71,215
832,315
743,473
233,44
644,412
608,404
626,377
713,227
705,102
945,320
658,188
811,314
868,359
101,498
99,124
497,466
872,131
847,85
27,495
280,332
604,387
789,49
746,14
470,18
419,383
846,56
714,208
244,238
526,473
765,194
591,418
660,312
227,113
171,495
519,69
891,397
849,1
120,46
866,101
848,24
945,269
858,41
114,487
939,190
254,425
883,201
772,208
398,459
21,355
367,257
789,138
143,28
21,452
811,95
998,483
355,325
184,48
167,16
256,365
908,242
328,32
4,178
8,283
292,203
810,396
527,334
555,12
751,377
206,379
179,497
50,228
804,348
44,372
154,364
967,80
380,213
695,404
669,406
846,414
417,236
414,205
638,110
717,128
200,40
886,62
117,451
139,175
447,367
376,397
447,337
796,422
247,349
361,135
584,95
306,130
354,265
372,304
138,413
461,41
485,125
97,449
19,365
492,325
183,148
170,496
483,328
201,20
744,168
408,204
355,420
897,499
106,148
145,462
398,260
425,420
539,152
133,21
531,440
849,186
833,73
508,327
560,160
732,413
356,231
617,267
640,246
110,172
662,303
233,168
878,179
324,77
142,237
748,225
335,372
103,405
608,72
307,428
364,114
865,378
318,135
352,260
741,387
997,147
58,15
392,277
806,213
123,291
809,403
147,28
357,388
265,123
409,163
114,418
201,321
770,327
403,158
576,419
684,55
819,225
489,384
362,245
98,46
136,139
352,384
526,4
231,52
307,256
615,468
631,169
412,209
45,47
766,313
438,25
203,125
530,257
463,387
746,272
990,138
729,93
288,286
169,252
667,380
401,239
55,372
52,93
922,3
885,351
964,60
38,81
972,73
289,73
873,30
165,106
502,222
370,440
157,475
271,412
372,301
384,317
876,127
670,482
589,363
999,435
328,259
708,234
165,460
89,146
531,358
279,128
726,386
909,421
930,389
22,145
149,371
139,325
131,33
705,489
427,7
77,330
31,381
292,210
841,121
480,151
144,366
364,260
354,145
760,184
795,245
184,161
284,313
446,337
615,109
505,489
543,165
597,89
636,88
417,164
187,97
408,453
757,304
647,368
158,455
830,104
381,119
810,78
444,151
582,2
181,473
49,86
428,393
51,40
44,230
825,109
953,171
792,88
757,439
550,15
878,473
875,130
596,3
511,263
392,34
606,71
656,368
750,76
328,34
929,422
738,425
742,427
726,483
625,223
276,118
627,469
598,310
556,194
259,469
524,448
110,1
402,346
661,477
388,307
766,256
845,172
611,347
316,216
462,346
945,63
640,131
474,367
994,406
612,275
351,229
22,209
905,76
886,60
664,134
47,483
633,468
922,158
147,337
689,106
397,351
555,136
962,172
393,471
71,382
983,18
107,415
103,282
973,468
79,112
764,101
242,13
495,253
452,231
69,432
823,99
374,186
547,321
153,206
546,94
191,97
698,479
380,402
571,416
910,408
752,4
69,423
698,483
563,3
528,324
629,166
627,378
151,500
774,411
895,434
643,409
639,172
168,313
733,60
560,261
136,249
477,373
561,68
260,35
777,107
753,101
729,344
945,284
947,85
335,410
608,58
646,123
491,142
957,377
971,483
936,79
87,142
955,178
729,8
97,380
500,148
411,433
434,374
669,415
14,367
906,217
633,199
935,252
184,260
677,43
994,157
40,409
743,143
149,177
819,151
576,346
138,199
771,357
798,87
130,60
172,465
379,461
517,69
628,144
40,281
285,186
29,8
668,91
740,85
239,115
787,337
539,125
310,215
307,352
257,109
725,236
601,392
695,45
865,383
991,8
89,193
448,299
656,425
903,493
114,464
141,303
564,446
608,158
892,305
138,364
678,411
186,198
289,190
745,311
825,187
429,246
653,249
202,141
40,40
751,16
277,466
900,102
395,126
713,347
672,376
297,50
346,176
69,234
512,3
61,353
912,376
618,188
658,120
551,57
416,397
358,78
681,461
127,452
11,280
882,82
222,8
61,113
944,446
186,372
915,273
872,307
922,317
450,121
930,210
836,219
142,500
225,89
362,457
130,244
105,66
505,30
922,114
227,495
885,271
268,256
84,307
997,350
436,468
424,184
867,148
396,255
827,413
836,8
708,301
385,471
416,258
304,239
72,265
671,237
764,392
912,347
968,162
464,346
226,363
17,312
575,82
115,400
909,348
666,371
331,425
697,81
525,333
852,217
692,365
867,482
626,333
106,47
955,456
205,27
775,123
977,466
252,6
558,459
192,492
577,486
348,238
53,73
724,251
569,500
410,287
509,488
763,130
702,342
921,273
585,264
960,296
356,395
332,287
520,231
415,67
395,310
465,227
57,269
423,473
427,277
390,295
208,44
154,51
103,63
295,220
7,466
584,474
230,276
709,226
45,269
319,155
293,273
479,193
282,238
997,361
845,479
349,43
56,109
259,24
195,426
959,137
835,436
499,229
226,164
890,17
394,45
323,81
482,125
874,339
971,79
560,431
68,77
665,110
682,269
635,93
20,87
950,57
970,135
639,433
317,451
630,388
473,131
592,210
280,109
295,457
720,346
188,285
364,277
471,1
697,197
366,26
462,319
401,279
567,311
38,398
363,17
583,349
632,106
529,28
321,197
304,472
30,163
670,474
833,371
947,198
49,476
615,230
31,260
682,219
878,88
604,104
808,294
936,15
803,387
899,212
146,473
19,259
495,367
746,462
335,121
834,213
710,155
290,487
937,348
983,38
827,73
750,22
591,26
773,383
116,57
137,30
807,329
490,235
801,414
475,428
953,496
558,140
733,306
532,451
226,38
602,263
595,367
655,366
861,330
202,495
873,233
528,317
211,425
611,479
56,268
910,54
300,281
172,234
473,120
313,439
308,190
808,399
865,497
340,58
494,60
483,91
517,135
867,147
251,406
544,367
590,256
782,34
820,443
665,260
886,182
452,260
843,284
230,213
857,292
480,223
118,186
347,209
429,42
863,419
948,63
311,240
145,315
440,265
581,418
319,328
865,240
562,492
325,296
807,362
487,52
680,326
1,59
840,224
667,495
208,88
279,128
730,225
996,441
319,71
714,318
860,406
957,22
998,56
652,203
110,100
552,136
376,249
682,431
941,273
181,286
921,228
611,13
223,359
468,269
144,416
104,239
290,65
406,479
573,80
173,52
449,38
743,465
419,197
526,243
598,486
79,250
646,221
155,454
672,453
147,348
422,364
908,49
407,141
168,463
610,315
12,162
930,305
449,379
717,366
721,337
471,139
547,444
109,181
562,327
331,407
375,257
22,319
727,425
877,194
136,276
834,335
805,135
143,440
512,410
964,400
439,211
452,119
247,472
55,462
669,109
363,178
196,274
635,253
976,273
530,238
209,164
8,443
75,450
723,420
594,469
585,118
443,279
122,14
646,197
586,197
608,7
908,281
172,345
26,178
889,147
208,482
463,119
465,162
779,356
74,419
250,40
506,270
323,475
923,152
292,256
42,370
886,440
489,213
373,498
871,161
671,98
837,396
703,147
921,182
377,423
215,116
277,345
707,18
761,382
516,287
158,361
258,465
613,46
0,293
866,378
324,456
350,374
812,147
35,326
347,485
129,225
360,316
462,154
127,140
321,385
313,208
735,495
455,306
207,213
972,129
848,489
888,449
762,40
192,468
665,328
19,88
510,380
392,278
785,79
19,10
441,298
374,269
499,51
900,468
905,159
777,414
353,383
941,230
487,418
463,18
709,46
270,500
670,226
835,19
322,106
402,62
227,479
712,277
719,117
614,293
638,289
467,431
771,259
984,157
80,294
908,93
690,432
528,211
243,2
725,102
654,169
617,122
5,266
729,353
502,148
88,299
468,88
782,397
346,342
196,343
442,267
611,58
539,374
948,190
394,217
322,455
271,144
275,19
240,441
774,456
556,441
47,316
333,491
318,159
960,335
941,272
185,349
496,305
743,247
334,201
254,381
966,199
252,256
901,365
291,423
348,23
117,487
686,66
470,98
47,490
27,451
408,140
896,400
454,196
631,412
524,403
605,311
237,69
110,97
843,180
345,280
549,236
126,336
786,154
331,65
997,328
302,54
489,59
589,44
627,337
121,69
719,58
953,300
147,22
91,47
408,416
237,93
238,38
922,390
359,121
928,428
636,324
805,487
979,129
450,93
250,120
600,317
869,305
431,19
396,229
118,381
160,228
244,456
436,26
245,397
280,41
328,163
176,415
373,335
483,205
188,192
63,356
664,21
642,215
219,332
900,346
51,352
16,170
618,159
841,67
291,434
585,495
872,439
525,420
201,382
804,205
215,172
46,77
598,488
626,218
192,43
87,138
383,272
36,348
747,33
539,414
593,337
919,282
244,83
343,120
725,467
595,307
774,425
195,88
997,435
647,124
396,292
577,316
109,328
15,176
946,90
60,101
786,18
590,8
968,3
970,489
366,360
235,233
671,283
386,108
953,286
856,402
737,500
406,421
985,181
69,28
636,334
98,455
906,284
73,152
407,27
50,174
270,206
857,157
532,82
391,134
567,145
679,496
620,365
803,48
87,402
779,49
93,485
575,413
390,192
885,178
23,231
620,468
795,448
433,240
81,418
758,261
721,103
728,278
633,193
450,449
500,401
677,164
289,216
665,22
81,49
789,369
410,411
298,338
689,124
582,106
428,384
716,425
949,481
456,216
931,383
64,165
211,335
70,175
11,369
51,239
239,8
430,294
77,172
945,145
138,86
628,139
232,366
123,351
95,142
290,266
975,155
881,307
768,463
195,391
257,454
360,63
485,401
3,166
707,8
365,420
44,348
432,307
184,254
152,246
473,299
467,220
73,477
738,264
328,119
127,463
477,266
30,318
221,220
593,363
922,325
587,219
858,352
766,430
313,167
183,59
129,428
215,298
109,190
245,147
165,300
135,421
468,341
632,273
941,396
363,206
652,130
373,207
721,270
817,476
191,353
797,481
994,101
113,175
135,220
912,273
341,65
438,416
41,75
506,199
177,57
190,151
238,15
17,255
740,260
589,152
485,481
148,104
385,353
565,277
906,201
709,272
900,483
409,143
930,340
928,181
219,493
21,418
324,132
177,460
159,224
431,344
8,281
849,401
400,376
337,482
875,324
529,203
909,122
828,56
601,9
101,454
841,258
621,7
529,378
891,305
318,406
107,470
645,219
473,223
773,8
662,63
70,209
553,23
755,210
522,429
403,417
631,346
486,213
577,90
627,91
161,462
910,307
236,248
997,397
446,295
156,167
130,184
487,344
687,75
397,102
583,428
820,51
761,306
407,313
622,382
732,57
297,204
857,483
151,336
751,181
741,168
967,318
617,314
481,93
33,332
212,215
800,319
688,365
559,269
622,203
344,321
705,371
365,246
662,94
63,15
454,330
363,430
628,120
750,387
450,297
10,400
54,116
720,95
170,71
405,24
585,23
450,177
973,313
691,261
310,263
73,213
773,33
346,62
238,490
782,288
676,399
157,486
70,434
524,96
471,207
127,414
500,92
464,204
510,475
285,468
7,427
472,414
9,380
80,99
218,76
44,452
412,150
416,171
496,221
696,18
939,194
497,428
457,15
991,180
414,6
801,227
764,86
425,306
894,444
431,114
930,269
701,457
773,436
262,102
41,484
687,297
682,453
319,440
878,84
411,450
338,200
290,47
401,303
239,273
943,314
957,18
156,154
437,42
629,412
322,280
644,380
86,172
687,211
525,493
710,30
719,494
478,471
556,163
283,407
775,162
634,101
101,407
420,267
791,194
430,27
962,324
901,313
832,369
807,176
271,404
101,318
224,284
629,402
242,184
700,493
629,159
57,21
770,82
404,311
839,23
613,95
585,330
793,398
826,159
486,360
690,443
552,468
145,8
813,477
754,29
826,18
324,431
825,426
186,290
874,39
114,315
182,278
963,415
554,448
751,449
296,43
528,222
466,199
479,302
384,120
743,414
593,102
760,417
213,205
176,408
977,11
755,55
100,182
523,30
670,447
772,496
849,57
262,292
479,236
541,34
755,127
413,336
268,125
486,174
907,300
391,287
925,94
183,423
628,241
127,283
953,418
852,345
884,63
744,81
908,135
56,243
321,79
520,98
71,70
58,22
981,101
549,4
427,141
426,160
819,362
42,327
333,118
708,94
438,124
507,178
364,31
811,7
408,142
780,101
430,330
687,418
784,74
773,162
366,495
671,40
306,130
816,250
152,231
567,488
763,147
417,286
675,41
635,324
826,42
549,208
277,292
737,444
352,441
147,485
234,122
939,31
40,171
181,127
805,388
26,387
935,367
695,253
805,360
739,156
340,290
95,80
689,445
821,341
241,149
355,450
644,287
569,119
287,34
429,190
945,174
600,151
902,181
114,104
303,498
936,129
98,322
30,287
509,61
783,228
966,15
9,128
814,497
70,343
117,104
356,303
983,437
78,372
403,42
668,51
636,148
798,228
80,490
670,192
430,451
466,127
676,129
952,311
623,330
837,7
340,24
270,91
443,8
272,461
979,55
378,416
112,429
336,173
105,219
867,212
238,452
315,337
191,489
238,92
736,51
755,66
505,290
735,394
265,140
865,272
498,466
673,225
687,231
162,372
690,367
641,286
227,276
869,97
699,17
150,479
311,48
387,129
591,38
563,411
885,348
421,148
179,469
435,54
246,491
41,417
855,204
876,235
584,443
333,497
636,443
548,226
310,300
162,117
291,16
359,286
228,270
265,248
900,299
342,362
288,285
993,96
444,233
168,181
426,432
742,343
573,142
244,227
852,440
851,220
514,161
141,359
697,183
745,489
7,440
917,125
217,76
773,152
749,334
793,159
516,471
909,417
643,187
955,446
874,171
339,243
821,227
634,379
377,198
608,184
697,128
467,40
502,405
625,323
517,167
307,462
90,26
614,165
450,84
507,114
670,98
741,446
875,192
338,234
527,81
763,275
198,368
150,158
194,171
171,99
801,165
547,61
200,87
812,372
333,498
89,215
203,209
702,437
567,283
746,11
399,181
261,479
753,78
448,112
41,303
676,382
541,66
739,197
219,18
555,290
586,422
657,10
285,304
450,400
732,132
508,174
421,381
35,76
64,424
951,325
184,485
651,62
876,376
256,345
270,333
872,483
35,271
183,362
81,246
324,371
575,483
805,380
685,239
544,402
397,421
134,389
737,360
169,32
772,10
111,201
765,150
359,487
749,341
487,72
338,11
824,257
668,245
386,428
692,172
657,140
933,205
89,149
202,389
933,293
495,271
218,286
812,309
379,329
276,336
206,271
780,133
75,464
998,392
789,150
173,411
89,464
131,360
907,208
575,200
704,371
170,226
703,287
728,336
680,311
315,348
214,99
579,70
697,239
259,162
427,27
213,418
189,437
557,183
362,203
818,221
73,138
129,80
80,357
996,349
323,311
208,170
260,225
452,423
909,293
941,94
385,54
926,462
168,98
445,264
1,237
393,271
706,348
39,282
482,147
996,68
856,339
741,56
981,272
370,495
340,239
433,68
705,24
622,406
791,72
192,125
76,46
903,138
167,472
242,425
58,1
293,490
322,421
423,360
251,389
193,183
769,149
403,192
881,168
504,311
694,152
938,33
295,455
41,40
229,242
988,192
299,36
210,227
110,331
890,77
684,243
790,47
760,431
462,330
771,103
633,145
272,460
70,96
702,487
1,103
560,457
410,99
824,135
687,187
631,447
497,319
810,158
204,206
695,218
191,335
541,43
132,416
905,389
418,394
677,399
549,400
979,495
983,54
519,371
888,361
490,158
681,330
3,399
719,181
687,51
498,9
322,231
709,43
342,411
712,179
528,14
257,318
666,118
129,413
418,191
850,306
890,12
982,187
137,169
27,92
911,401
155,94
781,253
424,170
659,218
797,152
795,260
927,38
234,67
194,152
583,143
712,230
420,33
596,356
346,169
125,266
689,435
446,369
588,97
362,275
899,238
165,63
90,118
605,180
471,23
871,500
145,200
46,160
427,400
479,367
752,290
888,392
753,29
214,222
962,399
198,80
234,219
11,362
353,455
286,223
748,456
572,423
283,489
825,297
292,55
90,3
705,425
208,246
684,130
208,154
530,400
544,493
397,356
140,144
52,348
878,136
62,471
364,227
603,255
780,276
363,33
394,200
751,80
458,407
637,60
472,391
682,431
612,112
40,379
444,497
743,104
626,91
200,12
165,411
380,485
995,210
603,469
979,470
184,54
920,384
833,405
498,127
349,93
767,167
310,470
599,265
462,420
413,367
598,262
361,83
634,471
58,159
496,1
249,81
847,480
961,357
108,466
18,180
807,441
452,154
412,263
673,1
54,423
787,161
214,83
877,284
409,334
686,415
71,443
383,210
920,132
638,105
337,239
555,376
204,256
136,111
29,408
485,223
457,333
89,24
490,414
965,64
357,273
738,33
884,276
315,403
446,130
469,261
628,4
210,50
992,245
205,308
734,422
416,129
636,322
298,6
990,270
900,93
530,489
394,102
546,444
527,406
543,489
96,357
682,45
75,474
903,272
473,209
499,313
190,162
284,216
818,329
127,433
703,234
939,33
147,277
845,275
576,258
758,289
238,380
159,178
362,245
69,246
463,292
710,425
699,126
587,480
261,273
496,185
706,375
750,422
951,407
946,345
265,495
167,235
648,35
678,207
514,457
742,10
532,215
182,418
634,309
294,264
592,335
478,175
145,84
870,30
604,404
477,334
712,237
454,334
68,65
476,392
144,88
806,9
770,26
661,260
385,295
434,315
678,143
924,475
304,493
952,456
630,427
401,122
359,265
727,211
373,320
580,252
136,161
425,490
111,402
983,263
386,253
385,206
555,61
815,297
442,326
198,214
335,354
779,357
475,277
894,444
519,285
163,273
446,268
115,93
255,419
729,278
866,149
497,32
803,380
59,21
700,100
285,476
325,350
366,134
767,163
551,192
695,219
188,181
494,229
24,183
276,233
687,31
268,241
516,122
579,17
667,175
362,22
329,334
348,406
639,355
201,430
374,37
448,392
812,58
659,160
340,247
4,11
540,72
958,396
104,423
998,295
556,79
984,155
430,377
782,92
122,410
859,110
655,363
134,81
558,110
594,274
371,450
650,90
940,206
10,190
975,83
752,420
777,89
826,342
96,440
225,448
433,476
10,271
414,366
46,174
599,498
655,381
289,11
171,438
637,206
877,432
719,83
262,145
486,300
315,324
59,396
600,196
587,433
882,390
711,439
98,18
571,366
614,299
307,422
569,322
40,382
379,160
74,94
243,197
936,466
648,338
972,484
183,214
650,74
87,257
886,286
552,149
492,458
546,139
347,48
466,307
963,303
255,484
982,393
499,362
795,405
533,261
677,201
43,258
826,13
532,82
55,169
996,93
113,478
241,297
78,264
498,396
274,477
655,482
942,55
203,113
954,391
606,67
771,82
391,278
496,406
223,12
478,431
416,96
60,202
893,53
977,75
795,338
832,160
293,392
70,204
45,69
610,174
214,186
851,431
111,244
800,299
362,279
480,393
18,311
529,425
154,144
230,176
595,265
938,187
126,117
577,137
751,63
830,227
2,385
287,1
143,360
757,275
401,451
647,97
237,369
262,17
582,500
10,200
277,157
876,304
653,373
613,201
645,195
987,146
566,496
932,115
284,436
635,222
874,100
824,255
614,387
276,156
547,167
66,34
69,253
152,30
608,401
693,460
521,173
141,395
614,155
815,450
9,2
631,307
927,190
552,197
399,401
969,272
271,292
384,342
352,401
837,192
329,419
365,207
97,312
287,382
254,159
762,145
10,430
909,32
349,474
481,290
558,470
193,219
483,423
418,365
569,391
349,352
357,133
833,54
352,356
389,318
729,462
315,184
588,150
304,323
888,107
888,275
487,144
991,418
326,196
842,46
684,365
700,332
824,350
813,76
579,423
444,301
468,206
860,256
626,60
445,413
820,181
274,314
252,216
744,157
947,383
286,461
654,484
671,405
357,94
276,297
364,299
215,138
211,438
115,324
720,48
367,426
348,364
1,27
499,353
711,224
501,405
608,167
386,167
306,359
490,425
260,466
1,128
523,100
930,250
771,237
427,59
307,58
70,160
731,188
447,205
1,207
209,388
78,143
68,267
584,294
817,455
152,262
886,192
924,369
124,318
247,138
421,353
804,213
100,93
130,492
981,300
697,102
403,62
99,66
40,252
709,42
127,277
212,261
453,385
461,379
726,355
909,379
596,22
647,247
82,232
436,84
591,228
412,369
575,10
778,379
627,93
742,111
223,233
813,184
292,183
515,347
268,427
920,329
731,49
55,132
862,8
403,250
819,327
405,312
584,464
881,471
511,167
567,217
607,401
501,230
550,400
201,233
306,320
787,215
975,35
353,192
218,24
885,258
29,233
369,186
459,237
955,281
779,26
131,411
721,116
9,16
111,146
739,269
924,465
84,146
307,239
65,218
28,402
965,143
551,340
20,317
244,115
268,493
144,421
615,431
594,358
917,97
532,217
503,243
973,434
150,441
347,459
370,404
190,222
310,161
55,346
689,87
959,196
216,308
260,441
110,27
342,387
557,185
984,447
606,495
562,223
381,196
795,480
816,76
980,38
438,289
928,283
684,461
143,102
226,465
690,474
989,205
585,236
981,249
903,326
311,409
815,228
205,420
32,445
392,160
356,315
952,482
998,224
466,191
218,71
280,476
126,151
79,15
502,339
282,121
54,190
963,24
528,86
234,232
773,304
318,86
552,170
176,280
102,17
55,1
130,422
21,130
629,493
881,442
266,286
750,79
704,233
977,350
672,463
343,453
462,482
141,135
877,178
817,376
507,262
678,475
60,263
965,239
642,180
590,346
113,464
150,333
49,368
123,329
813,329
210,290
368,430
201,23
391,107
249,377
369,406
819,365
523,179
948,214
33,411
867,311
679,9
295,51
861,342
917,474
537,299
198,288
190,145
640,10
890,397
131,388
101,322
804,495
181,312
430,479
78,359
595,477
199,97
507,64
737,425
324,246
856,389
407,446
188,207
643,128
73,472
227,376
825,226
722,45
524,196
631,26
358,300
555,296
343,408
855,384
104,354
955,151
456,159
481,64
934,60
720,113
73,209
157,358
932,261
659,42
957,290
283,400
188,485
383,420
833,379
920,244
294,177
183,334
315,246
577,427
769,499
27,252
702,270
989,481
231,280
851,88
772,134
46,65
76,455
386,48
298,309
680,243
23,317
396,495
295,80
977,318
824,436
959,255
764,213
527,17
808,286
845,137
220,48
412,460
715,34
648,78
389,221
589,170
880,107
925,446
926,15
630,9
919,153
97,364
198,289
271,347
953,429
246,371
467,220
401,145
348,153
398,300
408,81
705,39
572,498
6,183
220,138
92,229
266,304
877,461
938,390
945,462
833,358
106,452
187,491
562,224
155,141
608,52
789,56
778,289
183,19
468,113
743,249
407,341
750,418
797,408
74,136
121,371
953,28
659,301
625,99
465,414
532,205
209,60
929,139
979,2
950,22
155,246
641,140
83,6
958,258
232,366
203,435
987,240
15,169
896,238
0,146
635,131
388,50
190,297
688,312
639,290
524,491
374,384
943,56
541,311
495,473
192,131
192,412
451,316
790,42
283,435
910,239
84,278
630,336
306,235
581,281
348,97
869,9
674,469
461,119
487,273
43,443
809,419
607,46
277,185
914,126
920,464
189,150
745,371
558,67
730,198
893,245
525,268
110,457
106,91
775,427
398,11
712,135
184,382
314,328
726,335
248,194
92,337
10,251
340,27
265,174
201,62
941,419
877,131
377,330
115,7
248,142
407,257
129,310
185,68
398,280
816,82
427,102
523,29
441,311
746,417
290,326
580,163
678,237
986,400
484,101
856,361
293,90
236,464
523,8
615,261
199,297
96,47
111,18
48,426
406,124
776,181
413,338
142,52
95,455
7,398
243,334
494,257
962,39
122,115
88,368
982,376
472,136
330,334
424,389
103,226
884,212
816,344
630,15
332,111
427,311
856,378
200,44
984,7
435,403
206,27
806,307
451,275
863,339
99,258
611,475
150,423
920,274
600,205
98,17
201,190
509,359
976,290
841,480
427,411
596,87
314,499
897,136
522,184
846,416
373,243
603,326
982,315
278,194
346,273
260,83
658,395
10,449
125,146
681,74
963,417
280,320
332,179
851,245
710,485
450,234
78,153
732,428
685,407
554,488
220,227
352,379
107,20
446,135
34,93
885,222
235,277
132,457
438,444
90,256
548,364
982,480
904,53
243,138
287,123
175,392
808,220
90,134
247,426
372,320
203,179
535,159
639,62
892,282
750,9
969,473
879,278
480,49
352,439
835,247
647,291
563,63
324,467
31,267
802,497
714,340
924,408
725,425
660,234
12,479
423,467
357,469
700,135
738,258
267,362
584,476
346,447
288,395
475,212
58,348
225,253
26,188
969,489
187,38
766,123
463,452
156,181
784,144
606,283
489,284
411,470
78,345
803,259
579,126
352,188
656,346
216,366
321,198
214,22
203,136
208,118
802,113
571,479
352,58
418,110
569,408
134,236
170,433
455,419
175,347
401,410
603,164
626,272
810,68
447,322
363,431
678,411
385,371
871,334
617,234
299,376
693,316
15,7
223,113
402,62
346,486
289,302
401,415
531,39
283,352
424,57
886,357
574,446
656,84
787,209
765,349
294,228
651,398
417,395
345,465
983,138
734,132
323,9
525,323
873,331
862,444
445,296
200,344
1,79
403,222
109,137
594,426
639,416
269,161
858,377
637,128
250,229
776,391
13,147
708,379
133,331
752,215
715,70
982,100
157,290
805,484
248,145
419,179
449,479
800,161
684,452
365,23
424,457
707,413
522,482
697,168
478,357
901,158
108,315
611,243
854,311
971,70
576,101
269,1
408,136
728,151
389,349
808,470
708,92
213,292
270,408
800,442
517,279
465,283
245,272
515,291
487,158
673,233
857,222
994,115
297,360
232,141
600,231
423,360
627,47
352,382
837,193
93,272
353,194
79,408
562,296
507,448
733,59
587,247
558,367
440,303
128,235
133,225
169,323
584,398
833,22
553,338
195,376
525,399
891,50
988,215
336,448
950,283
683,9
716,246
93,297
827,58
512,170
603,366
108,367
341,483
617,101
532,476
4,333
979,211
682,259
332,150
57,343
48,136
542,114
914,153
345,399
709,359
709,263
246,468
748,174
509,349
8,376
741,313
347,449
939,455
24,29
235,328
706,318
949,299
170,108
711,480
830,10
44,231
669,103
242,79
751,213
17,26
161,427
95,3
606,251
57,308
705,292
108,333
840,60
42,199
594,56
936,283
792,129
475,62
209,421
914,39
152,31
887,82
801,54
64,192
585,304
322,245
666,312
997,294
461,313
882,321
314,250
304,274
523,80
782,108
272,307
419,228
739,409
290,42
547,232
146,331
830,63
241,144
822,337
600,173
711,142
609,73
871,114
965,1
675,384
906,316
123,184
745,387
988,33
350,150
124,83
769,224
802,432
754,423
874,355
577,456
96,118
939,94
557,460
481,17
149,404
962,426
633,107
944,35
271,110
912,298
439,25
411,339
233,156
978,418
442,133
886,250
430,365
109,69
151,28
673,485
323,116
466,448
555,126
268,187
456,137
283,185
321,188
946,48
631,334
84,58
961,496
98,115
715,28
578,105
985,486
48,460
458,61
271,444
16,491
480,98
299,441
891,128
829,242
467,432
88,331
436,339
964,309
400,423
389,411
742,491
792,142
516,76
790,394
763,275
930,252
537,49
580,199
677,226
336,456
498,305
120,326
734,349
582,398
469,258
510,464
110,259
232,411
927,173
851,292
708,276
397,399
443,85
919,434
339,420
13,118
395,221
220,331
359,255
211,96
540,456
604,470
189,181
388,239
886,57
782,102
254,392
150,321
362,423
336,250
27,482
849,232
666,283
438,315
962,102
977,71
355,22
506,450
671,72
169,236
701,65
161,89
211,119
728,90
553,73
252,28
881,488
72,382
826,455
571,198
131,273
129,459
668,239
859,42
441,8
266,107
824,322
889,72
153,120
80,386
789,77
173,371
311,1
453,108
120,497
544,230
375,61
418,196
676,359
861,449
581,131
796,165
434,375
235,383
963,176
226,461
666,354
120,316
787,426
316,265
72,230
575,29
400,14
389,170
839,194
467,276
209,99
778,460
992,124
985,347
22,155
825,498
860,332
497,326
112,494
666,491
253,16
309,267
661,164
89,236
209,4
736,430
841,469
297,9
806,125
952,371
789,500
161,235
983,359
997,217
859,422
947,56
349,1
431,71
375,54
672,76
973,437
642,88
991,444
276,356
512,278
693,436
260,300
88,218
918,320
838,462
774,426
994,218
562,308
71,197
44,297
598,469
97,230
476,173
721,437
752,97
402,412
338,377
47,39
271,49
166,33
913,216
623,125
28,399
81,9
467,242
271,464
40,446
471,345
146,213
2,208
465,411
351,229
365,66
107,148
276,54
427,488
99,432
242,124
652,352
645,56
517,441
484,324
329,124
627,488
648,101
679,108
186,204
908,359
400,444
498,208
723,171
25,80
878,397
857,479
614,317
652,113
131,46
319,61
102,355
499,442
18,25
602,406
367,47
797,81
209,446
611,466
39,442
923,425
488,155
498,341
560,270
824,221
415,50
549,226
947,356
385,487
700,323
121,326
933,139
342,79
363,285
79,116
701,20
750,475
259,355
904,379
259,79
126,358
175,132
561,84
507,117
787,496
154,145
224,295
40,461
730,41
793,308
860,371
896,249
950,59
357,272
232,337
950,488
18,474
438,401
903,95
458,239
34,159
176,287
849,283
571,498
422,488
681,139
829,50
197,45
183,279
432,171
260,74
907,361
232,76
287,468
620,123
221,285
733,230
866,36
506,23
66,412
695,74
166,83
478,391
840,247
781,489
954,283
338,171
366,309
75,400
896,206
299,247
840,321
703,208
196,292
998,245
866,276
214,349
507,251
900,287
771,381
523,268
285,180
534,292
628,26
256,311
988,42
264,151
726,470
787,41
930,395
161,137
207,214
162,20
366,124
569,202
901,386
286,420
439,63
578,500
560,294
883,199
559,436
832,449
740,303
350,309
200,27
656,255
124,98
85,323
122,257
660,199
168,201
10,33
691,32
204,76
695,171
800,322
436,101
61,99
893,254
564,88
379,369
230,322
958,196
188,70
427,258
150,219
520,380
427,315
756,441
439,452
965,27
579,6
97,48
517,357
870,1
808,130
901,347
575,231
664,447
467,73
981,428
525,89
602,141
924,31
240,132
239,35
381,23
903,73
209,474
172,61
466,385
864,188
555,420
360,378
375,265
278,65
411,130
268,362
698,69
3,156
530,389
25,154
707,147
73,330
784,434
372,309
126,259
438,153
849,45
612,142
638,128
641,492
563,237
887,478
499,84
34,5
134,327
200,297
20,367
973,449
874,448
715,373
117,81
263,24
252,65
55,372
866,2
383,348
888,488
794,380
778,426
206,472
704,366
744,119
20,259
791,195
467,285
108,394
620,236
639,67
270,452
725,140
39,229
725,188
950,36
418,2
10,155
418,324
443,371
326,137
878,63
330,290
703,304
148,468
695,480
193,126
884,423
723,113
727,439
591,480
793,292
594,121
775,143
660,374
317,337
725,354
671,435
75,48
682,201
94,23
569,200
682,479
747,126
188,200
745,90
528,384
901,128
879,188
815,178
150,60
233,432
705,464
626,146
14,172
664,73
158,122
862,126
823,83
397,275
340,308
575,235
542,473
78,121
971,441
395,315
797,256
379,197
270,481
844,186
399,82
565,288
872,466
851,381
401,367
232,385
703,379
541,146
827,29
145,238
596,477
578,308
533,112
239,244
593,65
608,433
562,210
605,305
696,23
60,100
311,22
318,85
82,122
296,135
644,30
808,275
717,59
69,96
609,354
705,59
804,405
155,108
186,464
84,84
243,152
316,285
139,316
613,321
496,444
748,185
277,167
40,53
747,4
219,2
14,261
517,221
166,213
976,184
172,277
535,478
276,306
783,174
107,437
839,232
869,215
308,2
369,200
517,395
793,328
318,459
665,337
615,3
560,265
708,271
956,243
776,394
664,480
922,488
617,209
842,311
902,140
173,405
869,333
747,314
955,22
786,175
899,115
299,51
552,200
427,30
126,276
516,464
66,392
313,119
321,137
993,269
414,158
90,325
293,494
191,237
141,467
148,386
923,217
358,444
529,35
823,33
29,439
447,337
502,347
871,167
465,79
327,439
337,347
400,136
133,288
251,89
156,395
71,257
83,189
114,83
55,413
31,372
366,184
534,8
600,400
113,484
371,257
610,68
236,264
506,56
457,126
204,321
547,9
536,249
689,82
628,303
199,387
381,462
29,31
147,242
260,433
866,414
804,126
885,352
713,132
677,190
244,347
111,129
670,490
139,409
591,272
520,329
532,233
925,333
94,1
155,10
167,255
791,133
64,378
27,456
998,269
924,50
748,133
14,30
273,414
875,464
841,275
707,344
514,182
20,424
469,80
691,40
308,345
827,1
11,389
362,47
527,216
324,208
163,236
14,379
889,260
524,170
893,291
351,344
973,451
782,370
229,58
277,385
344,276
971,289
120,216
813,190
590,392
952,436
621,354
332,493
801,281
108,54
261,101
321,278
434,296
606,281
427,130
399,428
277,140
570,407
173,297
768,104
449,162
853,270
272,388
298,303
821,401
940,438
862,243
326,353
356,437
913,163
419,112
963,174
441,425
485,457
676,210
295,209
987,438
142,414
310,483
990,485
586,291
354,240
700,87
848,430
239,233
602,49
721,208
207,30
319,438
696,372
865,218
254,202
297,19
144,123
932,94
378,160
11,164
890,141
211,144
412,44
512,172
622,399
793,10
957,373
684,344
958,437
386,97
817,194
861,86
847,467
534,200
532,359
324,147
631,213
271,310
295,403
338,444
768,73
998,55
523,290
979,414
147,250
953,423
532,366
149,75
742,176
0,452
391,475
553,434
14,404
435,373
619,424
745,303
837,27
29,17
403,217
720,41
876,68
107,60
499,89
917,465
97,228
717,375
70,419
535,491
242,402
788,278
494,479
265,449
8,465
322,206
163,459
975,205
277,267
484,112
386,119
327,81
261,345
851,302
207,375
785,418
768,387
966,7
586,294
823,200
526,383
584,157
182,247
973,165
113,479
120,148
557,389
321,267
638,308
228,454
533,4
947,460
28,331
492,338
445,159
966,334
130,400
261,26
736,165
197,406
469,315
203,167
800,499
150,130
399,165
132,361
787,33
586,253
593,74
292,394
442,426
882,275
265,358
403,10
860,98
739,248
356,449
632,81
943,83
218,199
925,452
825,141
103,63
17,489
579,299
568,183
332,134
800,449
687,327
239,135
48,22
659,210
490,243
84,438
702,87
90,54
979,225
557,269
132,349
836,315
175,140
341,141
273,359
482,226
423,149
557,83
743,263
898,157
157,131
883,398
841,319
393,370
94,488
670,373
350,3
79,40
16,123
278,284
156,406
223,86
853,142
152,60
725,72
83,433
886,355
24,121
324,2
947,32
321,249
477,494
104,286
487,295
683,66
665,185
512,406
688,279
606,211
726,24
702,94
3,73
300,441
121,500
780,20
493,120
673,451
297,466
80,386
991,77
268,139
72,166
867,227
155,246
982,220
785,138
677,223
268,270
801,139
736,190
307,398
530,57
577,352
261,167
505,105
307,154
318,383
760,249
528,122
651,298
672,73
830,486
752,386
700,412
913,306
882,359
950,27
574,228
782,214
156,212
647,5
216,222
486,414
893,425
67,202
484,189
824,326
712,341
658,316
142,58
9,442
723,419
994,335
357,421
219,99
931,312
478,22
424,204
255,260
723,182
184,340
218,60
996,467
869,49
711,468
351,69
956,31
790,86
553,239
908,423
373,81
702,54
386,355
233,448
445,133
997,120
75,99
314,379
149,412
839,500
147,195
721,297
47,117
296,256
64,406
518,207
848,341
776,451
351,244
487,236
726,313
336,500
663,56
639,89
249,372
435,57
298,200
682,281
678,163
661,378
884,433
943,356
847,203
407,360
985,142
508,274
379,279
256,472
506,278
997,63
436,293
421,16
81,431
278,234
532,75
81,230
487,183
139,47
854,43
517,2
220,384
790,451
899,181
609,286
799,101
993,460
609,65
80,329
210,145
471,339
461,147
184,350
207,469
231,400
522,37
439,276
805,314
665,426
15,345
38,133
58,122
150,42
133,441
242,52
26,129
827,122
462,257
853,325
846,262
422,347
111,389
625,213
966,1
263,388
670,165
93,173
663,392
424,146
60,246
301,266
805,136
429,368
107,255
141,307
18,98
324,335
432,138
494,463
124,109
630,149
770,43
632,38
611,199
860,311
712,78
294,365
919,177
418,420
959,362
812,28
414,34
694,213
754,302
780,2
715,396
713,236
71,308
484,65
536,332
748,255
256,58
24,327
596,177
708,124
615,62
270,309
389,237
527,376
208,500
893,136
471,100
748,50
370,132
820,432
595,19
582,471
454,378
537,231
121,430
145,433
854,348
711,32
893,168
563,393
46,359
957,90
221,329
692,347
942,323
118,181
968,443
158,458
822,134
235,277
520,35
317,446
232,170
306,207
409,98
559,188
810,408
642,473
919,226
636,194
224,69
316,79
515,400
470,137
733,409
811,301
678,177
322,133
139,128
836,345
76,91
445,497
45,391
415,380
666,227
568,460
812,54
859,217
464,270
708,388
687,401
821,432
600,414
390,31
769,184
425,390
348,248
835,235
534,425
359,327
771,213
468,309
517,194
807,258
140,278
147,175
871,201
308,392
912,350
556,415
86,345
77,130
708,408
893,250
175,280
303,318
812,103
509,396
40,112
251,363
833,68
440,1
497,248
78,467
932,428
784,355
703,26
947,198
984,196
957,320
860,305
506,261
683,370
774,406
48,110
973,413
956,86
453,338
707,55
717,332
798,276
151,212
279,1
24,384
20,299
945,491
178,267
70,37
514,417
492,455
225,222
343,429
42,63
96,148
838,155
734,159
284,183
228,473
491,144
768,138
235,145
572,60
396,448
141,284
935,340
137,370
208,310
414,362
429,84
157,221
216,354
869,108
672,400
363,15
446,201
159,395
363,315
339,154
519,43
956,48
564,464
347,340
177,88
365,248
635,255
774,62
61,329
277,163
904,43
385,474
93,178
241,275
607,200
576,450
791,315
271,120
375,328
461,49
999,5
730,227
278,120
817,182
856,24
3,209
550,469
977,166
76,408
889,114
275,309
33,384
103,470
922,260
922,233
652,124
847,301
327,127
171,182
353,454
142,71
860,468
296,189
887,46
750,55
964,324
707,93
506,311
611,178
537,152
459,122
906,166
420,96
625,416
375,81
619,266
818,186
297,482
953,24
975,346
775,119
798,126
43,292
189,52
552,48
615,145
381,263
245,346
123,238
164,367
117,125
785,325
929,381
689,18
92,441
814,308
93,92
603,162
215,7
320,439
322,121
633,429
667,437
329,89
72,271
164,31
680,332
817,344
791,243
950,300
695,169
999,50
953,129
270,194
427,5
814,43
700,119
475,134
731,363
352,267
886,50
620,243
750,355
591,91
119,294
870,320
469,459
254,408
337,300
501,5
876,187
211,113
691,431
872,431
184,26
336,124
369,93
457,273
73,192
693,81
37,500
483,355
593,475
599,100
1,348
858,111
108,284
436,41
154,145
174,204
846,201
868,475
326,274
815,53
639,214
81,159
438,223
857,359
137,278
663,124
628,312
618,128
288,345
916,278
702,496
839,453
81,288
256,341
264,95
338,221
467,494
174,437
333,225
110,386
80,227
57,292
967,33
80,421
396,120
759,193
202,2
544,298
20,12
305,73
884,406
245,270
969,183
568,438
391,207
292,27
178,391
545,278
645,124
378,428
316,332
994,430
323,190
956,144
413,261
962,252
694,316
166,21
404,441
964,455
576,349
808,62
27,169
220,244
803,27
266,35
637,94
160,336
500,179
305,497
527,441
663,410
337,482
991,309
186,441
821,291
619,135
110,451
319,217
989,426
588,491
77,429
929,169
21,268
298,291
433,211
46,254
421,375
418,186
492,282
406,343
287,296
541,449
458,475
594,52
848,94
453,276
582,486
205,258
925,109
968,388
649,5
894,240
791,294
908,273
75,316
564,105
799,408
817,23
959,364
184,341
873,46
146,238
555,146
262,3
341,57
91,491
301,339
811,58
697,20
292,290
526,243
336,181
248,51
668,324
843,344
821,321
813,346
446,129
350,477
382,355
576,470
487,144
553,345
225,80
135,44
237,155
259,403
966,23
878,394
273,354
544,198
805,67
527,95
357,88
428,180
635,111
786,452
207,292
536,72
156,159
270,479
283,119
436,397
626,194
45,453
292,360
618,450
708,131
731,193
692,445
841,146
823,66
871,388
671,205
295,378
600,22
225,33
964,17
869,364
528,426
466,120
963,333
695,480
990,182
110,476
463,355
233,310
552,125
548,446
956,475
922,349
594,177
212,493
274,211
228,428
116,300
159,162
904,110
81,400
983,359
395,67
609,9
879,286
720,255
660,170
450,116
77,116
276,465
651,60
169,155
67,37
10,403
699,224
503,160
61,255
659,487
502,471
182,276
648,5
485,264
75,407
548,351
643,271
59,302
331,18
598,279
231,7
